0,0,0
0.2,4.28749578638099,0
0.4,5.65738460753516,0
0.6,6.65353135927609,0
0.8,7.46496374392745,0
1,8.1619082409719,0
1.2,8.77938726314033,0
1.4,9.337764618102,0
1.6,9.85007871374512,0
1.8,10.3252531907996,0
2,10.7697024909649,0
2.2,11.1882144033251,0
2.4,11.5844709454525,0
2.6,11.9613733761045,0
2.8,12.3212542825208,0
3,12.6660211784555,0
3.2,12.9972567845224,0
3.4,13.316290926259,0
3.6,13.6242532659932,0
3.8,13.9221127497699,0
4,14.2107076334987,0
4.2,14.490768692865,0
4.4,14.7629374126107,0
4.6,15.0277804182274,0
4.8,15.2858010546433,0
5,15.5374487703637,0
5.2,15.7831267934782,0
5.4,16.0231984636979,0
5.6,16.2579924964306,0
5.8,16.4878073904479,0
6,16.7129151429891,0
6.2,16.9335644004205,0
6.4,17.1499831455239,0
6.6,17.3623810018161,0
6.8,17.5709512193521,0
7,17.7758723940516,0
7.2,17.9773099628515,0
7.4,18.1754175092888,0
7.6,18.3703379079935,0
7.8,18.5622043316568,0
8,18.7511411400823,0
8.2,18.9372646677144,0
8.4,19.1206839234156,0
8.6,19.3015012141162,0
8.8,19.479812702185,0
9,19.6557089049044,0
9.2,19.8292751432091,0
9.4,20.0005919458263,0
9.6,20.1697354141024,0
9.8,20.3367775520723,0
10,20.5017865657235,0
10.2,20.6648271348844,0
10.4,20.8259606607261,0
10.6,20.9852454914909,0
10.8,21.1427371287334,0
11,21.2984884160876,0
11.2,21.4525497123266,0
11.4,21.604969050281,0
11.6,21.7557922829958,0
11.8,21.9050632183532,0
12,22.0528237432502,0
12.2,22.1991139383023,0
12.4,22.3439721839372,0
12.6,22.4874352586539,0
12.8,22.6295384301407,0
13,22.7703155398726,0
13.2,22.9097990817494,0
13.4,23.0480202752758,0
13.6,23.1850091337398,0
13.8,23.3207945277981,0
14,23.4554042448407,0
14.2,23.5888650444696,0
14.4,23.7212027103989,0
14.6,23.8524420990516,0
14.8,23.9826071851067,0
15,24.1117211042256,0
15.2,24.2398061931687,0
15.4,24.3668840274925,0
15.6,24.4929754570041,0
15.8,24.6181006391312,0
16,24.7422790703577,0
16.2,24.8655296158569,0
16.4,24.9878705374492,0
16.6,25.1093195199956,0
16.8,25.229893696335,0
17,25.3496096708595,0
17.2,25.4684835418189,0
17.4,25.5865309224356,0
17.6,25.7037669609074,0
17.8,25.820206359368,0
18,25.9358633918706,0
18.2,26.0507519214553,0
18.4,26.1648854163567,0
18.6,26.2782769654033,0
18.8,26.3909392926585,0
19,26.502884771346,0
19.2,26.6141254371044,0
19.4,26.7246730006073,0
19.6,26.8345388595881,0
19.8,26.9437341103005,0
20,27.0522695584497,0
20.2,27.1601557296207,0
20.4,27.2674028792343,0
20.6,27.3740210020546,0
20.8,27.4800198412732,0
21,27.5854088971933,0
21.2,27.6901974355334,0
21.4,27.7943944953728,0
21.6,27.8980088967556,0
21.8,28.0010492479717,0
22,28.1035239525324,0
22.2,28.2054412158535,0
22.4,28.3068090516637,0
22.6,28.4076352881491,0
22.8,28.5079275738493,0
23,28.607693383316,0
23.2,28.7069400225449,0
23.4,28.8056746341942,0
23.6,28.9039042025973,0
23.8,29.0016355585813,0
24,29.098875384099,0
24.2,29.1956302166843,0
24.4,29.2919064537387,0
24.6,29.3877103566563,0
24.8,29.4830480547946,0
25,29.5779255492991,0
25.2,29.6723487167871,0
25.4,29.766323312897,0
25.6,29.8598549757098,0
25.8,29.9529492290481,0
26,30.0456114856569,0
26.2,30.1378470502729,0
26.4,30.2296611225859,0
26.6,30.3210588000975,0
26.8,30.4120450808805,0
27,30.5026248662447,0
27.2,30.5928029633114,0
27.4,30.6825840875013,0
27.6,30.7719728649388,0
27.8,30.8609738347766,0
28,30.9495914514434,0
28.2,31.0378300868178,0
28.4,31.1256940323318,0
28.6,31.2131875010058,0
28.8,31.3003146294187,0
29,31.3870794796149,0
29.2,31.4734860409511,0
29.4,31.5595382318847,0
29.6,31.6452399017072,0
29.8,31.7305948322227,0
30,31.8156067393755,0
30.2,31.9002792748275,0
30.4,31.9846160274878,0
30.6,32.0686205249963,0
30.8,32.1522962351621,0
31,32.2356465673595,0
31.2,32.3186748738832,0
31.4,32.4013844512623,0
31.6,32.4837785415369,0
31.8,32.5658603334974,0
32,32.6476329638876,0
32.2,32.729099518574,0
32.4,32.8102630336809,0
32.6,32.8911264966942,0
32.8,32.9716928475331,0
33,33.051964979593,0
33.2,33.1319457407584,0
33.4,33.211637934388,0
33.6,33.2910443202732,0
33.8,33.3701676155697,0
34,33.4490104957042,0
34.2,33.5275755952569,0
34.4,33.6058655088193,0
34.6,33.6838827918302,0
34.8,33.761629961389,0
35,33.8391094970473,0
35.2,33.9163238415802,0
35.4,33.9932754017375,0
35.6,34.0699665489747,0
35.8,34.146399620166,0
36,34.2225769182984,0
36.2,34.2985007131487,0
36.4,34.3741732419425,0
36.6,34.4495967099972,0
36.8,34.524773291349,0
37,34.5997051293632,0
37.2,34.6743943373308,0
37.4,34.7488429990494,0
37.6,34.8230531693901,0
37.8,34.8970268748502,0
38,34.9707661140935,0
38.2,35.0442728584763,0
38.4,35.1175490525613,0
38.6,35.1905966146197,0
38.8,35.2634174371201,0
39,35.3360133872075,0
39.2,35.4083863071691,0
39.4,35.480538014891,0
39.6,35.552470304303,0
39.8,35.6241849458136,0
40,35.6956836867351,0
40.2,35.7669682516982,0
40.4,35.8380403430582,0
40.6,35.9089016412912,0
40.8,35.9795538053812,0
41,36.0499984731995,0
41.2,36.1202372618743,0
41.4,36.190271768153,0
41.6,36.2601035687561,0
41.8,36.3297342207231,0
42,36.3991652617515,0
42.2,36.4683982105274,0
42.4,36.5374345670497,0
42.6,36.6062758129468,0
42.8,36.674923411787,0
43,36.7433788093815,0
43.2,36.8116434340815,0
43.4,36.8797186970688,0
43.6,36.9476059926401,0
43.8,37.0153066984857,0
44,37.082822175962,0
44.2,37.1501537703584,0
44.4,37.2173028111586,0
44.6,37.2842706122967,0
44.8,37.351058472408,0
45,37.4176676750741,0
45.2,37.4840994890639,0
45.4,37.5503551685691,0
45.6,37.6164359534349,0
45.8,37.6823430693866,0
46,37.7480777282508,0
46.2,37.8136411281731,0
46.4,37.879034453831,0
46.6,37.944258876642,0
46.8,38.0093155549693,0
47,38.0742056343214,0
47.2,38.1389302475491,0
47.4,38.2034905150387,0
47.6,38.2678875449005,0
47.8,38.3321224331548,0
48,38.3961962639132,0
48.2,38.4601101095577,0
48.4,38.5238650309151,0
48.6,38.5874620774289,0
48.8,38.6509022873279,0
49,38.7141866877912,0
49.2,38.7773162951105,0
49.4,38.8402921148493,0
49.6,38.9031151419988,0
49.8,38.9657863611317,0
50,39.0283067465519,0
50.2,39.0906772624429,0
50.4,39.1528988630125,0
50.6,39.214972492635,0
50.8,39.2768990859912,0
51,39.3386795682054,0
51.2,39.4003148549805,0
51.4,39.4618058527299,0
51.6,39.5231534587079,0
51.8,39.5843585611369,0
52,39.6454220393332,0
52.2,39.7063447638301,0
52.4,39.7671275964986,0
52.6,39.8277713906667,0
52.8,39.8882769912359,0
53,39.9486452347962,0
53.2,40.0088769497387,0
53.4,40.0689729563665,0
53.6,40.1289340670036,0
53.8,40.1887610861023,0
54,40.2484548103478,0
54.2,40.3080160287622,0
54.4,40.3674455228059,0
54.6,40.4267440664775,0
54.8,40.4859124264125,0
55,40.5449513619796,0
55.2,40.6038616253756,0
55.4,40.6626439617193,0
55.6,40.721299109143,0
55.8,40.7798277988831,0
56,40.8382307553687,0
56.2,40.8965086963093,0
56.4,40.954662332781,0
56.6,41.0126923693104,0
56.8,41.0705995039584,0
57,41.1283844284021,0
57.2,41.1860478280148,0
57.4,41.2435903819459,0
57.6,41.3010127631986,0
57.8,41.3583156387065,0
58,41.4154996694095,0
58.2,41.4725655103278,0
58.4,41.5295138106352,0
58.6,41.5863452137311,0
58.8,41.6430603573115,0
59,41.6996598734383,0
59.2,41.7561443886087,0
59.4,41.8125145238221,0
59.6,41.8687708946473,0
59.8,41.9249141112876,0
60,41.9809447786453,0
60.2,42.0368634963858,0
60.4,42.0926708589994,0
60.6,42.1483674558637,0
60.8,42.2039538713037,0
61,42.2594306846518,0
61.2,42.3147984703067,0
61.4,42.3700577977913,0
61.6,42.4252092318099,0
61.8,42.4802533323045,0
62,42.53519065451,0
62.2,42.5900217490092,0
62.4,42.6447471617861,0
62.6,42.6993674342794,0
62.8,42.7538831034345,0
63,42.8082947017548,0
63.2,42.8626027573527,0
63.4,42.9168077939997,0
63.6,42.970910331175,0
63.8,43.0249108841148,0
64,43.0788099638596,0
64.2,43.1326080773018,0
64.4,43.1863057272317,0
64.6,43.2399034123838,0
64.8,43.2934016274814,0
65,43.3468008632819,0
65.2,43.4001016066199,0
65.4,43.4533043404509,0
65.6,43.506409543894,0
65.8,43.5594176922737,0
66,43.6123292571617,0
66.2,43.6651447064175,0
66.4,43.717864504229,0
66.6,43.7704891111522,0
66.8,43.8230189841502,0
67,43.8754545766322,0
67.2,43.9277963384915,0
67.4,43.9800447161434,0
67.6,44.0322001525616,0
67.8,44.0842630873159,0
68,44.1362339566073,0
68.2,44.1881131933043,0
68.4,44.2399012269777,0
68.6,44.2915984839355,0
68.8,44.343205387257,0
69,44.3947223568266,0
69.2,44.446149809367,0
69.4,44.4974881584722,0
69.6,44.5487378146399,0
69.8,44.5998991853037,0
70,44.650972674864,0
70.2,44.7019586847202,0
70.4,44.7528576133004,0
70.6,44.8036698560926,0
70.8,44.8543958056743,0
71,44.9050358517418,0
71.2,44.95559038114,0
71.4,45.0060597778907,0
71.6,45.0564444232215,0
71.8,45.1067446955933,0
72,45.1569609707286,0
72.2,45.2070936216384,0
72.4,45.2571430186495,0
72.6,45.3071095294311,0
72.8,45.3569935190211,0
73,45.4067953498521,0
73.2,45.4565153817772,0
73.4,45.5061539720952,0
73.6,45.5557114755757,0
73.8,45.6051882444836,0
74,45.6545846286042,0
74.2,45.7039009752663,0
74.4,45.7531376293668,0
74.6,45.8022949333941,0
74.8,45.851373227451,0
75,45.9003728492779,0
75.2,45.9492941342753,0
75.4,45.9981374155264,0
75.6,46.0469030238191,0
75.8,46.0955912876679,0
76,46.1442025333351,0
76.2,46.1927370848527,0
76.4,46.2411952640433,0
76.6,46.2895773905404,0
76.8,46.3378837818098,0
77,46.3861147531692,0
77.2,46.4342706178085,0
77.4,46.4823516868098,0
77.6,46.5303582691669,0
77.8,46.5782906718043,0
78,46.6261491995972,0
78.2,46.6739341553892,0
78.4,46.7216458400123,0
78.6,46.7692845523041,0
78.8,46.8168505891271,0
79,46.8643442453861,0
79.2,46.9117658140462,0
79.4,46.9591155861506,0
79.6,47.0063938508377,0
79.8,47.0536008953586,0
80,47.1007370050939,0
80.2,47.1478024635706,0
80.4,47.1947975524787,0
80.6,47.2417225516879,0
80.8,47.2885777392635,0
81,47.3353633914824,0
81.2,47.3820797828495,0
81.4,47.4287271861128,0
81.6,47.4753058722795,0
81.8,47.5218161106309,0
82,47.5682581687375,0
82.2,47.6146323124748,0
82.4,47.6609388060371,0
82.6,47.7071779119528,0
82.8,47.7533498910989,0
83,47.7994550027151,0
83.2,47.8454935044181,0
83.4,47.8914656522158,0
83.6,47.9373717005209,0
83.8,47.9832119021648,0
84,48.028986508411,0
84.2,48.074695768969,0
84.4,48.1203399320069,0
84.6,48.1659192441651,0
84.8,48.211433950569,0
85,48.2568842948419,0
85.2,48.3022705191178,0
85.4,48.3475928640539,0
85.6,48.392851568843,0
85.8,48.4380468712261,0
86,48.4831790075041,0
86.2,48.5282482125502,0
86.4,48.5732547198217,0
86.6,48.6181987613718,0
86.8,48.6630805678613,0
87,48.7079003685701,0
87.2,48.7526583914086,0
87.4,48.797354862929,0
87.6,48.8419900083368,0
87.8,48.8865640515011,0
88,48.9310772149664,0
88.2,48.9755297199629,0
88.4,49.0199217864173,0
88.6,49.0642536329638,0
88.8,49.108525476954,0
89,49.1527375344677,0
89.2,49.1968900203229,0
89.4,49.2409831480864,0
89.6,49.2850171300833,0
89.8,49.3289921774076,0
90,49.3729084999315,0
90.2,49.4167663063155,0
90.4,49.460565804018,0
90.6,49.5043071993049,0
90.8,49.5479906972587,0
91,49.5916165017887,0
91.2,49.6351848156393,0
91.4,49.6786958403999,0
91.6,49.7221497765137,0
91.8,49.7655468232868,0
92,49.808887178897,0
92.2,49.8521710404027,0
92.4,49.8953986037517,0
92.6,49.9385700637897,0
92.8,49.981685614269,0
93,50.0247454478568,0
93.2,50.0677497561438,0
93.4,50.1106987296525,0
93.6,50.1535925578452,0
93.8,50.1964314291325,0
94,50.2392155308809,0
94.2,50.2819450494214,0
94.4,50.3246201700567,0
94.6,50.3672410770697,0
94.8,50.4098079537308,0
95,50.4523209823059,0
95.2,50.4947803440638,0
95.4,50.5371862192837,0
95.6,50.5795387872629,0
95.8,50.6218382263239,0
96,50.6640847138222,0
96.2,50.7062784261527,0
96.4,50.748419538758,0
96.6,50.7905082261344,0
96.8,50.8325446618397,0
97,50.8745290185,0
97.2,50.9164614678165,0
97.4,50.9583421805722,0
97.6,51.0001713266393,0
97.8,51.041949074985,0
98,51.0836755936791,0
98.2,51.1253510498999,0
98.4,51.166975609941,0
98.6,51.2085494392177,0
98.8,51.2500727022737,0
99,51.2915455627869,0
99.2,51.3329681835762,0
99.4,51.3743407266075,0
99.6,51.4156633529998,0
99.8,51.4569362230315,0
100,51.4981594961463,0
100.2,51.5393333309595,0
100.4,51.5804578852635,0
100.6,51.6215333160341,0
100.8,51.6625597794361,0
101,51.703537430829,0
101.2,51.7444664247733,0
101.4,51.7853469150355,0
101.6,51.826179054594,0
101.8,51.8669629956448,0
102,51.907698889607,0
102.2,51.9483868871281,0
102.4,51.9890271380895,0
102.6,52.0296197916121,0
102.8,52.0701649960612,0
103,52.1106628990523,0
103.2,52.1511136474561,0
103.4,52.1915173874034,0
103.6,52.2318742642908,0
103.8,52.2721844227855,0
104,52.3124480068302,0
104.2,52.3526651596486,0
104.4,52.3928360237497,0
104.6,52.4329607409334,0
104.8,52.473039452295,0
105,52.51307229823,0
105.2,52.5530594184391,0
105.4,52.5930009519328,0
105.6,52.6328970370363,0
105.8,52.6727478113937,0
106,52.7125534119735,0
106.2,52.7523139750722,0
106.4,52.7920296363195,0
106.6,52.8317005306826,0
106.8,52.8713267924707,0
107,52.9109085553394,0
107.2,52.9504459522952,0
107.4,52.9899391156996,0
107.6,53.0293881772739,0
107.8,53.0687932681028,0
108,53.1081545186393,0
108.2,53.1474720587087,0
108.4,53.1867460175124,0
108.6,53.2259765236326,0
108.8,53.2651637050362,0
109,53.3043076890786,0
109.2,53.3434086025082,0
109.4,53.3824665714701,0
109.6,53.42148172151,0
109.8,53.4604541775784,0
110,53.4993840640343,0
110.2,53.5382715046493,0
110.4,53.5771166226111,0
110.6,53.6159195405275,0
110.8,53.6546803804303,0
111,53.6933992637788,0
111.2,53.7320763114635,0
111.4,53.77071164381,0
111.6,53.8093053805826,0
111.8,53.8478576409878,0
112,53.8863685436779,0
112.2,53.9248382067546,0
112.4,53.9632667477726,0
112.6,54.0016542837432,0
112.8,54.0400009311372,0
113,54.0783068058891,0
113.2,54.1165720234002,0
113.4,54.1547966985417,0
113.6,54.1929809456585,0
113.8,54.2311248785724,0
114,54.2692286105853,0
114.2,54.3072922544825,0
114.4,54.3453159225363,0
114.6,54.3832997265086,0
114.8,54.4212437776545,0
115,54.4591481867256,0
115.2,54.4970130639728,0
115.4,54.5348385191497,0
115.6,54.5726246615155,0
115.8,54.6103715998384,0
116,54.648079442398,0
116.2,54.6857482969892,0
116.4,54.7233782709246,0
116.6,54.7609694710375,0
116.8,54.7985220036853,0
117,54.8360359747518,0
117.2,54.8735114896507,0
117.4,54.9109486533281,0
117.6,54.9483475702656,0
117.8,54.9857083444829,0
118,55.0230310795409,0
118.2,55.0603158785443,0
118.4,55.0975628441444,0
118.6,55.1347720785419,0
118.8,55.1719436834899,0
119,55.2090777602958,0
119.2,55.2461744098251,0
119.4,55.2832337325031,0
119.6,55.3202558283181,0
119.8,55.357240796824,0
120,55.3941887371425,0
120.2,55.4310997479664,0
120.4,55.4679739275613,0
120.6,55.504811373769,0
120.8,55.5416121840094,0
121,55.5783764552834,0
121.2,55.615104284175,0
121.4,55.6517957668543,0
121.6,55.6884509990796,0
121.8,55.7250700761997,0
122,55.7616530931568,0
122.2,55.7982001444886,0
122.4,55.8347113243304,0
122.6,55.8711867264182,0
122.8,55.9076264440903,0
123,55.9440305702902,0
123.2,55.9803991975684,0
123.4,56.0167324180851,0
123.6,56.0530303236123,0
123.8,56.0892930055363,0
124,56.1255205548592,0
124.2,56.1617130622023,0
124.4,56.1978706178072,0
124.6,56.2339933115387,0
124.8,56.2700812328867,0
125,56.3061344709683,0
125.2,56.3421531145302,0
125.4,56.3781372519506,0
125.6,56.4140869712413,0
125.8,56.4500023600502,0
126,56.4858835056628,0
126.2,56.5217304950045,0
126.4,56.557543414643,0
126.6,56.5933223507897,0
126.8,56.6290673893024,0
127,56.6647786156866,0
127.2,56.7004561150981,0
127.4,56.7360999723447,0
127.6,56.7717102718882,0
127.8,56.8072870978464,0
128,56.8428305339949,0
128.2,56.8783406637692,0
128.4,56.9138175702665,0
128.6,56.9492613362477,0
128.8,56.984672044139,0
129,57.0200497760342,0
129.2,57.0553946136962,0
129.4,57.0907066385591,0
129.6,57.1259859317299,0
129.8,57.16123257399,0
130,57.1964466457978,0
130.2,57.2316282272897,0
130.4,57.2667773982824,0
130.6,57.3018942382741,0
130.8,57.3369788264471,0
131,57.3720312416687,0
131.2,57.4070515624935,0
131.4,57.4420398671646,0
131.6,57.4769962336159,0
131.8,57.5119207394734,0
132,57.546813462057,0
132.2,57.581674478382,0
132.4,57.6165038651611,0
132.6,57.6513016988057,0
132.8,57.6860680554277,0
133,57.7208030108413,0
133.2,57.7555066405641,0
133.4,57.7901790198193,0
133.6,57.8248202235369,0
133.8,57.8594303263552,0
134,57.8940094026229,0
134.2,57.9285575264001,0
134.4,57.9630747714602,0
134.6,57.997561211291,0
134.8,58.0320169190968,0
135,58.0664419677996,0
135.2,58.1008364300405,0
135.4,58.1352003781816,0
135.6,58.1695338843068,0
135.8,58.2038370202242,0
136,58.2381098574666,0
136.2,58.2723524672937,0
136.4,58.3065649206931,0
136.6,58.3407472883821,0
136.8,58.3748996408086,0
137,58.409022048153,0
137.2,58.4431145803297,0
137.4,58.4771773069877,0
137.6,58.5112102975129,0
137.8,58.545213621029,0
138,58.5791873463989,0
138.2,58.6131315422264,0
138.4,58.6470462768569,0
138.6,58.6809316183793,0
138.8,58.7147876346272,0
139,58.7486143931802,0
139.2,58.782411961365,0
139.4,58.8161804062571,0
139.6,58.8499197946818,0
139.8,58.8836301932156,0
140,58.9173116681874,0
140.2,58.9509642856801,0
140.4,58.9845881115314,0
140.6,59.0181832113351,0
140.8,59.0517496504429,0
141,59.0852874939648,0
141.2,59.1187968067713,0
141.4,59.1522776534936,0
141.6,59.1857300985257,0
141.8,59.219154206025,0
142,59.2525500399137,0
142.2,59.2859176638802,0
142.4,59.31925714138,0
142.6,59.352568535637,0
142.8,59.3858519096446,0
143,59.419107326167,0
143.2,59.45233484774,0
143.4,59.4855345366729,0
143.6,59.5187064550487,0
143.8,59.5518506647259,0
144,59.5849672273392,0
144.2,59.6180562043012,0
144.4,59.6511176568027,0
144.6,59.6841516458145,0
144.8,59.7171582320882,0
145,59.7501374761573,0
145.2,59.7830894383383,0
145.4,59.8160141787316,0
145.6,59.8489117572232,0
145.8,59.8817822334848,0
146,59.9146256669757,0
146.2,59.9474421169434,0
146.4,59.9802316424248,0
146.6,60.0129943022471,0
146.8,60.045730155029,0
147,60.0784392591817,0
147.2,60.1111216729096,0
147.4,60.1437774542119,0
147.6,60.1764066608832,0
147.8,60.2090093505143,0
148,60.2415855804938,0
148.2,60.2741354080085,0
148.4,60.3066588900448,0
148.6,60.3391560833895,0
148.8,60.3716270446305,0
149,60.4040718301584,0
149.2,60.4364904961668,0
149.4,60.4688830986537,0
149.6,60.5012496934221,0
149.8,60.5335903360813,0
150,60.5659050820475,0
150.2,60.598193986545,0
150.4,60.6304571046068,0
150.6,60.6626944910758,0
150.8,60.6949062006058,0
151,60.7270922876618,0
151.2,60.7592528065217,0
151.4,60.7913878112765,0
151.6,60.8234973558318,0
151.8,60.8555814939082,0
152,60.8876402790423,0
152.2,60.9196737645876,0
152.4,60.9516820037156,0
152.6,60.9836650494163,0
152.8,61.0156229544992,0
153,61.0475557715941,0
153.2,61.0794635531522,0
153.4,61.1113463514465,0
153.6,61.1432042185731,0
153.8,61.1750372064515,0
154,61.206845366826,0
154.2,61.2386287512661,0
154.4,61.2703874111676,0
154.6,61.3021213977532,0
154.8,61.3338307620733,0
155,61.365515555007,0
155.2,61.3971758272626,0
155.4,61.4288116293788,0
155.6,61.4604230117251,0
155.8,61.4920100245028,0
156,61.5235727177457,0
156.2,61.5551111413208,0
156.4,61.5866253449293,0
156.6,61.6181153781071,0
156.8,61.6495812902256,0
157,61.6810231304929,0
157.2,61.7124409479538,0
157.4,61.7438347914909,0
157.6,61.7752047098258,0
157.8,61.806550751519,0
158,61.8378729649711,0
158.2,61.8691713984236,0
158.4,61.9004460999594,0
158.6,61.9316971175037,0
158.8,61.9629244988244,0
159,61.9941282915335,0
159.2,62.0253085430867,0
159.4,62.0564653007854,0
159.6,62.0875986117762,0
159.8,62.1187085230526,0
160,62.149795081455,0
160.2,62.1808583336715,0
160.4,62.2118983262391,0
160.6,62.2429151055436,0
160.8,62.2739087178209,0
161,62.3048792091573,0
161.2,62.3358266254905,0
161.4,62.3667510126097,0
161.6,62.3976524161571,0
161.8,62.4285308816278,0
162,62.4593864543707,0
162.2,62.4902191795893,0
162.4,62.5210291023423,0
162.6,62.551816267544,0
162.8,62.5825807199653,0
163,62.613322504234,0
163.2,62.6440416648357,0
163.4,62.6747382461141,0
163.6,62.7054122922722,0
163.8,62.7360638473722,0
164,62.7666929553365,0
164.2,62.7972996599487,0
164.4,62.8278840048532,0
164.6,62.8584460335567,0
164.8,62.8889857894287,0
165,62.9195033157016,0
165.2,62.9499986554716,0
165.4,62.9804718516995,0
165.6,63.0109229472109,0
165.8,63.0413519846971,0
166,63.0717590067155,0
166.2,63.1021440556903,0
166.4,63.1325071739128,0
166.6,63.1628484035425,0
166.8,63.1931677866071,0
167,63.2234653650035,0
167.2,63.253741180498,0
167.4,63.2839952747272,0
167.6,63.3142276891985,0
167.8,63.3444384652903,0
168,63.374627644253,0
168.2,63.4047952672093,0
168.4,63.4349413751548,0
168.6,63.4650660089587,0
168.8,63.495169209364,0
169,63.5252510169883,0
169.2,63.5553114723243,0
169.4,63.5853506157403,0
169.6,63.6153684874807,0
169.8,63.6453651276666,0
170,63.6753405762961,0
170.2,63.7052948732453,0
170.4,63.7352280582683,0
170.6,63.7651401709979,0
170.8,63.7950312509462,0
171,63.8249013375052,0
171.2,63.8547504699469,0
171.4,63.8845786874241,0
171.6,63.9143860289711,0
171.8,63.9441725335037,0
172,63.97393823982,0
172.2,64.0036831866009,0
172.4,64.0334074124105,0
172.6,64.0631109556967,0
172.8,64.0927938547915,0
173,64.1224561479116,0
173.2,64.152097873159,0
173.4,64.1817190685211,0
173.6,64.2113197718717,0
173.8,64.2409000209709,0
174,64.2704598534662,0
174.2,64.2999993068923,0
174.4,64.3295184186721,0
174.6,64.359017226117,0
174.8,64.388495766427,0
175,64.4179540766919,0
175.2,64.447392193891,0
175.4,64.4768101548941,0
175.6,64.5062079964615,0
175.8,64.5355857552449,0
176,64.5649434677874,0
176.2,64.5942811705245,0
176.4,64.623598899784,0
176.6,64.6528966917865,0
176.8,64.6821745826462,0
177,64.7114326083712,0
177.2,64.7406708048635,0
177.4,64.7698892079201,0
177.6,64.7990878532331,0
177.8,64.8282667763898,0
178,64.8574260128739,0
178.2,64.8865655980651,0
178.4,64.9156855672401,0
178.6,64.9447859555728,0
178.8,64.9738667981347,0
179,65.0029281298953,0
179.2,65.0319699857225,0
179.4,65.0609924003832,0
179.6,65.0899954085435,0
179.8,65.1189790447691,0
180,65.1479433435259,0
180.2,65.17688833918,0
180.4,65.2058140659987,0
180.6,65.2347205581504,0
180.8,65.2636078497051,0
181,65.2924759746349,0
181.2,65.3213249668143,0
181.4,65.3501548600207,0
181.6,65.3789656879347,0
181.8,65.4077574841403,0
182,65.4365302821258,0
182.2,65.4652841152835,0
182.4,65.4940190169107,0
182.6,65.5227350202096,0
182.8,65.5514321582881,0
183,65.5801104641598,0
183.2,65.6087699707445,0
183.4,65.6374107108687,0
183.6,65.6660327172658,0
183.8,65.6946360225765,0
184,65.7232206593492,0
184.2,65.7517866600403,0
184.4,65.7803340570148,0
184.6,65.8088628825462,0
184.8,65.8373731688172,0
185,65.8658649479201,0
185.2,65.894338251857,0
185.4,65.9227931125399,0
185.6,65.9512295617917,0
185.8,65.9796476313459,0
186,66.0080473528473,0
186.2,66.0364287578524,0
186.4,66.0647918778294,0
186.6,66.0931367441588,0
186.8,66.1214633881337,0
187,66.1497718409601,0
187.2,66.1780621337573,0
187.4,66.2063342975582,0
187.6,66.2345883633095,0
187.8,66.2628243618721,0
188,66.2910423240218,0
188.2,66.319242280449,0
188.4,66.3474242617595,0
188.6,66.3755882984744,0
188.8,66.4037344210309,0
189,66.4318626597825,0
189.2,66.4599730449989,0
189.4,66.4880656068668,0
189.6,66.5161403754901,0
189.8,66.5441973808901,0
190,66.5722366530059,0
190.2,66.6002582216946,0
190.4,66.6282621167318,0
190.6,66.6562483678117,0
190.8,66.6842170045477,0
191,66.7121680564723,0
191.2,66.7401015530378,0
191.4,66.7680175236163,0
191.6,66.7959159975001,0
191.8,66.8237970039023,0
192,66.8516605719564,0
192.2,66.8795067307174,0
192.4,66.9073355091615,0
192.6,66.9351469361866,0
192.8,66.9629410406129,0
193,66.9907178511824,0
193.2,67.0184773965601,0
193.4,67.0462197053336,0
193.6,67.073944806014,0
193.8,67.1016527270354,0
194,67.129343496756,0
194.2,67.1570171434577,0
194.4,67.1846736953471,0
194.6,67.212313180555,0
194.8,67.2399356271371,0
195,67.2675410630745,0
195.2,67.2951295162735,0
195.4,67.322701014566,0
195.6,67.35025558571,0
195.8,67.3777932573897,0
196,67.4053140572158,0
196.2,67.4328180127258,0
196.4,67.4603051513842,0
196.6,67.4877755005827,0
196.8,67.5152290876408,0
197,67.5426659398057,0
197.2,67.5700860842526,0
197.4,67.5974895480853,0
197.6,67.6248763583361,0
197.8,67.6522465419661,0
198,67.6796001258657,0
198.2,67.7069371368546,0
198.4,67.7342576016821,0
198.6,67.7615615470277,0
198.8,67.7888489995007,0
199,67.816119985641,0
199.2,67.8433745319192,0
199.4,67.8706126647368,0
199.6,67.8978344104263,0
199.8,67.9250397952519,0
200,67.9522288454094,0
200.2,67.9794015870262,0
200.4,68.0065580461622,0
200.6,68.0336982488097,0
200.8,68.0608222208934,0
201,68.087929988271,0
201.2,68.1150215767335,0
201.4,68.1420970120051,0
201.6,68.1691563197434,0
201.8,68.1961995255403,0
202,68.2232266549213,0
202.2,68.2502377333467,0
202.4,68.2772327862108,0
202.6,68.3042118388431,0
202.8,68.331174916508,0
203,68.358122044405,0
203.2,68.3850532476692,0
203.4,68.4119685513715,0
203.6,68.4388679805183,0
203.8,68.4657515600527,0
204,68.4926193148539,0
204.2,68.5194712697376,0
204.4,68.5463074494564,0
204.6,68.5731278787002,0
204.8,68.5999325820958,0
205,68.6267215842077,0
205.2,68.6534949095381,0
205.4,68.6802525825269,0
205.6,68.7069946275526,0
205.8,68.7337210689316,0
206,68.7604319309191,0
206.2,68.7871272377091,0
206.4,68.8138070134346,0
206.6,68.8404712821676,0
206.8,68.8671200679199,0
207,68.8937533946426,0
207.2,68.9203712862269,0
207.4,68.9469737665039,0
207.6,68.9735608592451,0
207.8,69.0001325881623,0
208,69.0266889769082,0
208.2,69.0532300490762,0
208.4,69.0797558282008,0
208.6,69.1062663377579,0
208.8,69.1327616011648,0
209,69.1592416417806,0
209.2,69.1857064829063,0
209.4,69.2121561477848,0
209.6,69.2385906596014,0
209.8,69.2650100414842,0
210,69.2914143165034,0
210.2,69.3178035076727,0
210.4,69.3441776379484,0
210.6,69.3705367302303,0
210.8,69.3968808073617,0
211,69.4232098921295,0
211.2,69.4495240072646,0
211.4,69.4758231754416,0
211.6,69.5021074192797,0
211.8,69.5283767613424,0
212,69.5546312241378,0
212.2,69.5808708301188,0
212.4,69.6070956016833,0
212.6,69.6333055611744,0
212.8,69.6595007308807,0
213,69.685681133036,0
213.2,69.7118467898202,0
213.4,69.737997723359,0
213.6,69.764133955724,0
213.8,69.7902555089334,0
214,69.8163624049516,0
214.2,69.8424546656898,0
214.4,69.8685323130061,0
214.6,69.8945953687053,0
214.8,69.9206438545397,0
215,69.9466777922087,0
215.2,69.9726972033595,0
215.4,69.9987021095867,0
215.6,70.0246925324329,0
215.8,70.050668493389,0
216,70.0766300138938,0
216.2,70.1025771153347,0
216.4,70.1285098190475,0
216.6,70.1544281463168,0
216.8,70.1803321183763,0
217,70.2062217564086,0
217.2,70.2320970815456,0
217.4,70.2579581148686,0
217.6,70.2838048774085,0
217.8,70.309637390146,0
218,70.3354556740117,0
218.2,70.3612597498862,0
218.4,70.3870496386005,0
218.6,70.4128253609359,0
218.8,70.4385869376244,0
219,70.4643343893485,0
219.2,70.490067736742,0
219.4,70.5157870003893,0
219.6,70.5414922008265,0
219.8,70.5671833585406,0
220,70.5928604939706,0
220.2,70.6185236275068,0
220.4,70.6441727794918,0
220.6,70.6698079702197,0
220.8,70.6954292199373,0
221,70.7210365488433,0
221.2,70.7466299770891,0
221.4,70.7722095247787,0
221.6,70.797775211969,0
221.8,70.8233270586697,0
222,70.8488650848436,0
222.2,70.8743893104068,0
222.4,70.8998997552289,0
222.6,70.9253964391328,0
222.8,70.9508793818955,0
223,70.9763486032474,0
223.2,71.0018041228732,0
223.4,71.0272459604117,0
223.6,71.052674135456,0
223.8,71.0780886675536,0
224,71.1034895762066,0
224.2,71.1288768808718,0
224.4,71.1542506009611,0
224.6,71.1796107558411,0
224.8,71.2049573648339,0
225,71.2302904472166,0
225.2,71.2556100222221,0
225.4,71.2809161090385,0
225.6,71.3062087268101,0
225.8,71.3314878946367,0
226,71.3567536315744,0
226.2,71.3820059566352,0
226.4,71.4072448887876,0
226.6,71.4324704469566,0
226.8,71.4576826500235,0
227,71.4828815168267,0
227.2,71.5080670661611,0
227.4,71.5332393167788,0
227.6,71.558398287389,0
227.8,71.5835439966581,0
228,71.6086764632099,0
228.2,71.633795705626,0
228.4,71.6589017424453,0
228.6,71.6839945921646,0
228.8,71.7090742732388,0
229,71.7341408040807,0
229.2,71.7591942030614,0
229.4,71.7842344885103,0
229.6,71.8092616787153,0
229.8,71.8342757919227,0
230,71.8592768463377,0
230.2,71.8842648601245,0
230.4,71.9092398514059,0
230.6,71.9342018382641,0
230.8,71.9591508387404,0
231,71.9840868708355,0
231.2,72.0090099525097,0
231.4,72.0339201016827,0
231.6,72.0588173362341,0
231.8,72.0837016740033,0
232,72.1085731327898,0
232.2,72.1334317303529,0
232.4,72.1582774844126,0
232.6,72.183110412649,0
232.8,72.2079305327025,0
233,72.2327378621746,0
233.2,72.257532418627,0
233.4,72.2823142195827,0
233.6,72.3070832825253,0
233.8,72.3318396248997,0
234,72.356583264112,0
234.2,72.3813142175297,0
234.4,72.4060325024814,0
234.6,72.4307381362577,0
234.8,72.4554311361107,0
235,72.4801115192542,0
235.2,72.504779302864,0
235.4,72.529434504078,0
235.6,72.5540771399963,0
235.8,72.5787072276811,0
236,72.603324784157,0
236.2,72.6279298264112,0
236.4,72.6525223713935,0
236.6,72.6771024360164,0
236.8,72.7016700371552,0
237,72.7262251916481,0
237.2,72.7507679162966,0
237.4,72.7752982278651,0
237.6,72.7998161430815,0
237.8,72.8243216786369,0
238,72.8488148511862,0
238.2,72.8732956773476,0
238.4,72.8977641737032,0
238.6,72.922220356799,0
238.8,72.9466642431447,0
239,72.9710958492144,0
239.2,72.995515191446,0
239.4,73.0199222862421,0
239.6,73.0443171499692,0
239.8,73.0686997989587,0
240,73.0930702495063,0
240.2,73.1174285178727,0
240.4,73.141774620283,0
240.6,73.1661085729277,0
240.8,73.1904303919618,0
241,73.2147400935059,0
241.2,73.2390376936456,0
241.4,73.2633232084317,0
241.6,73.2875966538806,0
241.8,73.3118580459743,0
242,73.3361074006604,0
242.2,73.360344733852,0
242.4,73.3845700614284,0
242.6,73.4087833992346,0
242.8,73.4329847630817,0
243,73.4571741687471,0
243.2,73.4813516319742,0
243.4,73.5055171684728,0
243.6,73.5296707939194,0
243.8,73.5538125239567,0
244,73.5779423741943,0
244.2,73.6020603602083,0
244.4,73.6261664975419,0
244.6,73.6502608017051,0
244.8,73.6743432881749,0
245,73.6984139723955,0
245.2,73.7224728697783,0
245.4,73.7465199957021,0
245.6,73.770555365513,0
245.8,73.7945789945247,0
246,73.8185908980185,0
246.2,73.8425910912433,0
246.4,73.866579589416,0
246.6,73.8905564077213,0
246.8,73.9145215613117,0
247,73.9384750653081,0
247.2,73.9624169347994,0
247.4,73.9863471848428,0
247.6,74.0102658304638,0
247.8,74.0341728866565,0
248,74.0580683683834,0
248.2,74.0819522905757,0
248.4,74.1058246681333,0
248.6,74.1296855159249,0
248.8,74.1535348487882,0
249,74.1773726815298,0
249.2,74.2011990289253,0
249.4,74.2250139057198,0
249.6,74.2488173266273,0
249.8,74.2726093063314,0
250,74.296389859485,0
250.2,74.3201590007106,0
250.4,74.3439167446002,0
250.6,74.3676631057158,0
250.8,74.3913980985888,0
251,74.4151217377207,0
251.2,74.438834037583,0
251.4,74.4625350126172,0
251.6,74.4862246772348,0
251.8,74.5099030458178,0
252,74.5335701327182,0
252.2,74.5572259522586,0
252.4,74.580870518732,0
252.6,74.604503846402,0
252.8,74.6281259495029,0
253,74.6517368422394,0
253.2,74.6753365387875,0
253.4,74.6989250532938,0
253.6,74.7225023998758,0
253.8,74.7460685926223,0
254,74.7696236455931,0
254.2,74.7931675728193,0
254.4,74.8167003883032,0
254.6,74.8402221060186,0
254.8,74.8637327399106,0
255,74.887232303896,0
255.2,74.9107208118633,0
255.4,74.9341982776724,0
255.6,74.9576647151553,0
255.8,74.9811201381157,0
256,75.0045645603293,0
256.2,75.0279979955438,0
256.4,75.0514204574791,0
256.6,75.0748319598271,0
256.8,75.098232516252,0
257,75.1216221403906,0
257.2,75.1450008458517,0
257.4,75.168368646217,0
257.6,75.1917255550404,0
257.8,75.2150715858487,0
258,75.2384067521413,0
258.2,75.2617310673905,0
258.4,75.2850445450413,0
258.6,75.3083471985119,0
258.8,75.3316390411934,0
259,75.3549200864498,0
259.2,75.3781903476186,0
259.4,75.4014498380104,0
259.6,75.4246985709091,0
259.8,75.447936559572,0
260,75.47116381723,0
260.2,75.4943803570873,0
260.4,75.5175861923221,0
260.6,75.5407813360858,0
260.8,75.5639658015039,0
261,75.5871396016758,0
261.2,75.6103027496744,0
261.4,75.6334552585471,0
261.6,75.6565971413149,0
261.8,75.6797284109732,0
262,75.7028490804915,0
262.2,75.7259591628136,0
262.4,75.7490586708576,0
262.6,75.7721476175159,0
262.8,75.7952260156556,0
263,75.8182938781183,0
263.2,75.84135121772,0
263.4,75.8643980472517,0
263.6,75.8874343794789,0
263.8,75.910460227142,0
264,75.9334756029563,0
264.2,75.9564805196121,0
264.4,75.9794749897747,0
264.6,76.0024590260845,0
264.8,76.0254326411571,0
265,76.0483958475832,0
265.2,76.0713486579289,0
265.4,76.0942910847357,0
265.6,76.1172231405204,0
265.8,76.1401448377756,0
266,76.163056188969,0
266.2,76.1859572065443,0
266.4,76.2088479029208,0
266.6,76.2317282904935,0
266.8,76.2545983816333,0
267,76.277458188687,0
267.2,76.3003077239773,0
267.4,76.323146999803,0
267.6,76.3459760284388,0
267.8,76.3687948221359,0
268,76.3916033931213,0
268.2,76.4144017535986,0
268.4,76.4371899157477,0
268.6,76.4599678917247,0
268.8,76.4827356936624,0
269,76.5054933336701,0
269.2,76.5282408238336,0
269.4,76.5509781762154,0
269.6,76.5737054028547,0
269.8,76.5964225157675,0
270,76.6191295269467,0
270.2,76.6418264483621,0
270.4,76.6645132919604,0
270.6,76.6871900696654,0
270.8,76.7098567933779,0
271,76.732513474976,0
271.2,76.7551601263148,0
271.4,76.7777967592269,0
271.6,76.800423385522,0
271.8,76.8230400169875,0
272,76.845646665388,0
272.2,76.8682433424657,0
272.4,76.8908300599404,0
272.6,76.9134068295094,0
272.8,76.9359736628479,0
273,76.9585305716087,0
273.2,76.9810775674224,0
273.4,77.0036146618976,0
273.6,77.0261418666207,0
273.8,77.0486591931561,0
274,77.0711666530463,0
274.2,77.093664257812,0
274.4,77.1161520189517,0
274.6,77.1386299479424,0
274.8,77.1610980562394,0
275,77.1835563552762,0
275.2,77.2060048564647,0
275.4,77.2284435711952,0
275.6,77.2508725108367,0
275.8,77.2732916867366,0
276,77.2957011102208,0
276.2,77.3181007925942,0
276.4,77.34049074514,0
276.6,77.3628709791205,0
276.8,77.3852415057766,0
277,77.4076023363285,0
277.2,77.4299534819747,0
277.4,77.4522949538933,0
277.6,77.4746267632411,0
277.8,77.4969489211542,0
278,77.5192614387475,0
278.2,77.5415643271157,0
278.4,77.5638575973323,0
278.6,77.5861412604502,0
278.8,77.6084153275019,0
279,77.630679809499,0
279.2,77.6529347174329,0
279.4,77.6751800622743,0
279.6,77.6974158549736,0
279.8,77.7196421064607,0
280,77.7418588276455,0
280.2,77.7640660294173,0
280.4,77.7862637226453,0
280.6,77.8084519181787,0
280.8,77.8306306268465,0
281,77.8527998594575,0
281.2,77.8749596268007,0
281.4,77.8971099396451,0
281.6,77.9192508087398,0
281.8,77.9413822448141,0
282,77.9635042585774,0
282.2,77.9856168607194,0
282.4,78.00772006191,0
282.6,78.0298138727999,0
282.8,78.0518983040196,0
283,78.0739733661804,0
283.2,78.0960390698741,0
283.4,78.1180954256729,0
283.6,78.1401424441299,0
283.8,78.1621801357784,0
284,78.1842085111329,0
284.2,78.2062275806883,0
284.4,78.2282373549204,0
284.6,78.2502378442859,0
284.8,78.2722290592224,0
285,78.2942110101484,0
285.2,78.3161837074634,0
285.4,78.3381471615479,0
285.6,78.3601013827636,0
285.8,78.3820463814533,0
286,78.4039821679409,0
286.2,78.4259087525317,0
286.4,78.447826145512,0
286.6,78.4697343571498,0
286.8,78.4916333976941,0
287,78.5135232773757,0
287.2,78.5354040064065,0
287.4,78.5572755949802,0
287.6,78.5791380532718,0
287.8,78.6009913914382,0
288,78.6228356196178,0
288.2,78.6446707479305,0
288.4,78.6664967864784,0
288.6,78.688313745345,0
288.8,78.7101216345958,0
289,78.7319204642782,0
289.2,78.7537102444213,0
289.4,78.7754909850365,0
289.6,78.7972626961171,0
289.8,78.8190253876383,0
290,78.8407790695576,0
290.2,78.8625237518145,0
290.4,78.8842594443308,0
290.6,78.9059861570105,0
290.8,78.92770389974,0
291,78.9494126823878,0
291.2,78.9711125148049,0
291.4,78.9928034068246,0
291.6,79.014485368263,0
291.8,79.0361584089182,0
292,79.0578225385712,0
292.2,79.0794777669854,0
292.4,79.101124103907,0
292.6,79.1227615590648,0
292.8,79.1443901421702,0
293,79.1660098629175,0
293.2,79.1876207309837,0
293.4,79.2092227560287,0
293.6,79.2308159476953,0
293.8,79.2524003156092,0
294,79.273975869379,0
294.2,79.2955426185965,0
294.4,79.3171005728362,0
294.6,79.3386497416561,0
294.8,79.3601901345971,0
295,79.3817217611833,0
295.2,79.403244630922,0
295.4,79.4247587533039,0
295.6,79.4462641378028,0
295.8,79.4677607938759,0
296,79.4892487309639,0
296.2,79.5107279584907,0
296.4,79.5321984858638,0
296.6,79.5536603224743,0
296.8,79.5751134776966,0
297,79.5965579608889,0
297.2,79.6179937813928,0
297.4,79.6394209485337,0
297.6,79.6608394716208,0
297.8,79.6822493599467,0
298,79.7036506227881,0
298.2,79.7250432694055,0
298.4,79.746427309043,0
298.6,79.7678027509287,0
298.8,79.7891696042749,0
299,79.8105278782775,0
299.2,79.8318775821166,0
299.4,79.8532187249564,0
299.6,79.8745513159449,0
299.8,79.8958753642146,0
300,79.917190878882,0
300.2,79.9384978690476,0
300.4,79.9597963437965,0
300.6,79.9810863121979,0
300.8,80.0023677833053,0
301,80.0236407661565,0
301.2,80.0449052697738,0
301.4,80.066161303164,0
301.6,80.0874088753181,0
301.8,80.1086479952118,0
302,80.1298786718054,0
302.2,80.1511009140435,0
302.4,80.1723147308555,0
302.6,80.1935201311556,0
302.8,80.2147171238423,0
303,80.2359057177992,0
303.2,80.2570859218943,0
303.4,80.2782577449808,0
303.6,80.2994211958964,0
303.8,80.3205762834638,0
304,80.3417230164906,0
304.2,80.3628614037692,0
304.4,80.3839914540773,0
304.6,80.4051131761772,0
304.8,80.4262265788166,0
305,80.447331670728,0
305.2,80.4684284606293,0
305.4,80.4895169572232,0
305.6,80.5105971691979,0
305.8,80.5316691052266,0
306,80.5527327739679,0
306.2,80.5737881840657,0
306.4,80.594835344149,0
306.6,80.6158742628325,0
306.8,80.6369049487159,0
307,80.6579274103848,0
307.2,80.6789416564097,0
307.4,80.6999476953471,0
307.6,80.7209455357388,0
307.8,80.7419351861122,0
308,80.7629166549801,0
308.2,80.7838899508413,0
308.4,80.8048550821801,0
308.6,80.8258120574663,0
308.8,80.8467608851557,0
309,80.8677015736897,0
309.2,80.8886341314957,0
309.4,80.9095585669867,0
309.6,80.9304748885616,0
309.8,80.9513831046054,0
310,80.9722832234888,0
310.2,80.9931752535685,0
310.4,81.0140592031873,0
310.6,81.034935080674,0
310.8,81.0558028943433,0
311,81.0766626524962,0
311.2,81.0975143634197,0
311.4,81.1183580353871,0
311.6,81.1391936766576,0
311.8,81.1600212954769,0
312,81.1808409000769,0
312.2,81.2016524986756,0
312.4,81.2224560994775,0
312.6,81.2432517106735,0
312.8,81.2640393404406,0
313,81.2848189969425,0
313.2,81.3055906883292,0
313.4,81.3263544227371,0
313.6,81.3471102082894,0
313.8,81.3678580530954,0
314,81.3885979652513,0
314.2,81.4093299528397,0
314.4,81.4300540239301,0
314.6,81.4507701865783,0
314.8,81.471478448827,0
315,81.4921788187055,0
315.2,81.5128713042301,0
315.4,81.5335559134036,0
315.6,81.5542326542156,0
315.8,81.5749015346428,0
316,81.5955625626486,0
316.2,81.6162157461832,0
316.4,81.636861093184,0
316.6,81.657498611575,0
316.8,81.6781283092676,0
317,81.6987501941598,0
317.2,81.7193642741369,0
317.4,81.7399705570713,0
317.6,81.7605690508224,0
317.8,81.7811597632368,0
318,81.8017427021481,0
318.2,81.8223178753773,0
318.4,81.8428852907325,0
318.6,81.8634449560092,0
318.8,81.8839968789899,0
319,81.9045410674447,0
319.2,81.9250775291309,0
319.4,81.9456062717932,0
319.6,81.9661273031636,0
319.8,81.9866406309616,0
320,82.0071462628942,0
320.2,82.0276442066557,0
320.4,82.0481344699282,0
320.6,82.0686170603812,0
320.8,82.0890919856715,0
321,82.1095592534438,0
321.2,82.1300188713305,0
321.4,82.1504708469513,0
321.6,82.1709151879138,0
321.8,82.1913519018133,0
322,82.2117809962327,0
322.2,82.2322024787429,0
322.4,82.2526163569023,0
322.6,82.2730226382572,0
322.8,82.293421330342,0
323,82.3138124406785,0
323.2,82.3341959767767,0
323.4,82.3545719461346,0
323.6,82.3749403562378,0
323.8,82.3953012145601,0
324,82.4156545285635,0
324.2,82.4360003056975,0
324.4,82.4563385534001,0
324.6,82.4766692790973,0
324.8,82.496992490203,0
325,82.5173081941195,0
325.2,82.537616398237,0
325.4,82.5579171099341,0
325.6,82.5782103365775,0
325.8,82.5984960855221,0
326,82.6187743641113,0
326.2,82.6390451796765,0
326.4,82.6593085395375,0
326.6,82.6795644510025,0
326.8,82.6998129213681,0
327,82.7200539579191,0
327.2,82.740287567929,0
327.4,82.7605137586596,0
327.6,82.7807325373609,0
327.8,82.800943911272,0
328,82.8211478876199,0
328.2,82.8413444736205,0
328.4,82.8615336764782,0
328.6,82.881715503386,0
328.8,82.9018899615255,0
329,82.9220570580669,0
329.2,82.9422168001692,0
329.4,82.9623691949799,0
329.6,82.9825142496353,0
329.8,83.0026519712606,0
330,83.0227823669696,0
330.2,83.0429054438648,0
330.4,83.0630212090378,0
330.6,83.0831296695688,0
330.8,83.103230832527,0
331,83.1233247049705,0
331.2,83.1434112939461,0
331.4,83.1634906064897,0
331.6,83.1835626496263,0
331.8,83.2036274303697,0
332,83.2236849557227,0
332.2,83.2437352326772,0
332.4,83.2637782682141,0
332.6,83.2838140693035,0
332.8,83.3038426429045,0
333,83.3238639959653,0
333.2,83.3438781354234,0
333.4,83.3638850682054,0
333.6,83.3838848012269,0
333.8,83.4038773413931,0
334,83.4238626955982,0
334.2,83.4438408707256,0
334.4,83.4638118736483,0
334.6,83.4837757112283,0
334.8,83.5037323903171,0
335,83.5236819177555,0
335.2,83.5436243003736,0
335.4,83.5635595449913,0
335.6,83.5834876584174,0
335.8,83.6034086474504,0
336,83.6233225188784,0
336.2,83.6432292794787,0
336.4,83.6631289360184,0
336.6,83.683021495254,0
336.8,83.7029069639315,0
337,83.7227853487868,0
337.2,83.7426566565449,0
337.4,83.7625208939209,0
337.6,83.7823780676192,0
337.8,83.8022281843343,0
338,83.8220712507499,0
338.2,83.8419072735397,0
338.4,83.8617362593672,0
338.6,83.8815582148855,0
338.8,83.9013731467375,0
339,83.9211810615559,0
339.2,83.9409819659635,0
339.4,83.9607758665725,0
339.6,83.9805627699853,0
339.8,84.0003426827941,0
340,84.020115611581,0
340.2,84.039881562918,0
340.4,84.0596405433671,0
340.6,84.0793925594803,0
340.8,84.0991376177995,0
341,84.1188757248568,0
341.2,84.1386068871742,0
341.4,84.1583311112637,0
341.6,84.1780484036275,0
341.8,84.197758770758,0
342,84.2174622191376,0
342.2,84.2371587552387,0
342.4,84.2568483855241,0
342.6,84.2765311164466,0
342.8,84.2962069544495,0
343,84.3158759059661,0
343.2,84.3355379774199,0
343.4,84.3551931752248,0
343.6,84.3748415057849,0
343.8,84.3944829754947,0
344,84.414117590739,0
344.2,84.4337453578929,0
344.4,84.4533662833219,0
344.6,84.472980373382,0
344.8,84.4925876344194,0
345,84.5121880727708,0
345.2,84.5317816947635,0
345.4,84.5513685067151,0
345.6,84.5709485149337,0
345.8,84.5905217257181,0
346,84.6100881453574,0
346.2,84.6296477801313,0
346.4,84.6492006363102,0
346.6,84.668746720155,0
346.8,84.6882860379171,0
347,84.7078185958387,0
347.2,84.7273444001526,0
347.4,84.7468634570822,0
347.6,84.7663757728417,0
347.8,84.7858813536359,0
348,84.8053802056603,0
348.2,84.8248723351013,0
348.4,84.844357748136,0
348.6,84.8638364509322,0
348.8,84.8833084496485,0
349,84.9027737504344,0
349.2,84.9222323594303,0
349.4,84.9416842827673,0
349.6,84.9611295265675,0
349.8,84.9805680969438,0
350,85,0
