0 0 0
0.2 11.6654244860827 0
0.4 14.3618221853377 0
0.6 16.2194798725874 0
0.8 17.6814771489316 0
1 18.9056471465912 0
1.2 19.9685220324963 0
1.4 20.9136559271957 0
1.6 21.7684518115929 0
1.8 22.5513891630024 0
2 23.275581865196 0
2.2 23.9507077931639 0
2.4 24.5841343430627 0
2.6 25.1816134136921 0
2.8 25.7477306573848 0
3 26.2862070504343 0
3.2 26.8001078350107 0
3.4 27.2919912336717 0
3.6 27.7640167811975 0
3.8 28.2180258502444 0
4 28.6556025806883 0
4.2 29.0781207128861 0
4.4 29.4867800952103 0
4.6 29.8826355036975 0
4.8 30.2666196533826 0
5 30.6395617628688 0
5.2 31.0022026732784 0
5.4 31.3552072678181 0
5.6 31.699174755149 0
5.8 32.0346472464948 0
6 32.3621169581699 0
6.2 32.6820322979097 0
6.4 32.9948030381147 0
6.6 33.300804737016 0
6.8 33.6003825363934 0
7 33.8938544393725 0
7.2 34.1815141521858 0
7.4 34.4636335583157 0
7.6 34.7404648811509 0
7.8 35.0122425814793 0
8 35.2791850282466 0
8.2 35.5414959746244 0
8.4 35.7993658662388 0
8.6 36.0529730041584 0
8.8 36.3024845817482 0
9 36.5480576116056 0
9.2 36.7898397563996 0
9.4 37.0279700754363 0
9.6 37.2625796970974 0
9.8 37.4937924258943 0
10 37.7217252916924 0
10.2 37.9464890476539 0
10.4 38.1681886225935 0
10.6 38.3869235327115 0
10.8 38.6027882570462 0
11 38.8158725804518 0
11.2 39.0262619074458 0
11.4 39.2340375498742 0
11.6 39.4392769909972 0
11.8 39.6420541282989 0
12 39.8424394970657 0
12.2 40.0405004765486 0
12.4 40.2363014803296 0
12.6 40.4299041323355 0
12.8 40.6213674297908 0
13 40.810747894267 0
13.2 40.9980997118671 0
13.4 41.1834748634781 0
13.6 41.3669232459328 0
13.8 41.5484927848386 0
14 41.7282295397592 0
14.2 41.9061778023677 0
14.4 42.0823801881338 0
14.6 42.2568777220538 0
14.8 42.4297099188868 0
15 42.6009148583181 0
15.2 42.7705292554341 0
15.4 42.9385885268577 0
15.6 43.1051268528652 0
15.8 43.2701772357768 0
16 43.4337715548874 0
16.2 43.595940618185 0
16.4 43.7567142110797 0
16.6 43.9161211423522 0
16.8 44.0741892875106 0
17 44.2309456297312 0
17.2 44.3864162985447 0
17.4 44.5406266064167 0
17.6 44.6936010833593 0
17.8 44.8453635097016 0
18 44.9959369471363 0
18.2 45.1453437681512 0
18.4 45.293605683946 0
18.6 45.4407437709284 0
18.8 45.5867784958761 0
19 45.7317297398455 0
19.2 45.8756168209012 0
19.4 46.018458515737 0
19.6 46.1602730802537 0
19.8 46.3010782691517 0
20 46.4408913545987 0
20.2 46.5797291440214 0
20.4 46.7176079970732 0
20.6 46.8545438418217 0
20.8 46.990552190201 0
21 47.1256481527673 0
21.2 47.2598464527962 0
21.4 47.3931614397575 0
21.6 47.5256071021992 0
21.8 47.6571970800733 0
22 47.7879446765314 0
22.2 47.9178628692181 0
22.4 48.0469643210875 0
22.6 48.175261390767 0
22.8 48.3027661424923 0
23 48.4294903556326 0
23.2 48.5554455338289 0
23.4 48.6806429137623 0
23.6 48.805093473572 0
23.8 48.9288079409378 0
24 49.0517968008453 0
24.2 49.1740703030475 0
24.4 49.2956384692372 0
24.6 49.4165110999443 0
24.8 49.5366977811696 0
25 49.6562078907686 0
25.2 49.7750506045954 0
25.4 49.8932349024186 0
25.6 50.0107695736181 0
25.8 50.1276632226737 0
26 50.2439242744546 0
26.2 50.3595609793176 0
26.4 50.474581418023 0
26.6 50.5889935064762 0
26.8 50.7028050003019 0
27 50.8160234992583 0
27.2 50.9286564514981 0
27.4 51.0407111576828 0
27.6 51.1521947749556 0
27.8 51.2631143207801 0
28 51.3734766766488 0
28.2 51.4832885916682 0
28.4 51.5925566860237 0
28.6 51.7012874543312 0
28.8 51.8094872688777 0
29 51.9171623827574 0
29.2 52.0243189329058 0
29.4 52.1309629430361 0
29.6 52.2371003264828 0
29.8 52.3427368889547 0
30 52.4478783312008 0
30.2 52.5525302515939 0
30.4 52.656698148633 0
30.6 52.7603874233693 0
30.8 52.863603381757 0
31 52.9663512369332 0
31.2 53.0686361114289 0
31.4 53.1704630393126 0
31.6 53.2718369682709 0
31.8 53.3727627616269 0
32 53.473245200299 0
32.2 53.5732889847024 0
32.4 53.6728987365952 0
32.6 53.7720790008712 0
32.8 53.8708342473009 0
33 53.9691688722225 0
33.2 54.0670872001855 0
33.4 54.1645934855473 0
33.6 54.261691914025 0
33.8 54.3583866042044 0
34 54.4546816090063 0
34.2 54.5505809171129 0
34.4 54.6460884543551 0
34.6 54.7412080850616 0
34.8 54.8359436133719 0
35 54.9302987845133 0
35.2 55.0242772860441 0
35.4 55.1178827490639 0
35.6 55.2111187493911 0
35.8 55.3039888087098 0
36 55.396496395687 0
36.2 55.4886449270597 0
36.4 55.5804377686951 0
36.6 55.6718782366221 0
36.8 55.7629695980377 0
37 55.8537150722864 0
37.2 55.9441178318163 0
37.4 56.0341810031094 0
37.6 56.1239076675901 0
37.8 56.2133008625098 0
38 56.3023635818104 0
38.2 56.3910987769661 0
38.4 56.4795093578045 0
38.6 56.5675981933078 0
38.8 56.6553681123945 0
39 56.7428219046816 0
39.2 56.82996232123 0
39.4 56.9167920752702 0
39.6 57.0033138429118 0
39.8 57.0895302638362 0
40 57.1754439419724 0
40.2 57.2610574461575 0
40.4 57.3463733107814 0
40.6 57.4313940364168 0
40.8 57.5161220904344 0
41 57.6005599076044 0
41.2 57.6847098906832 0
41.4 57.7685744109883 0
41.6 57.8521558089587 0
41.8 57.9354563947034 0
42 58.0184784485376 0
42.2 58.1012242215067 0
42.4 58.1836959358986 0
42.6 58.265895785745 0
42.8 58.3478259373111 0
43 58.4294885295754 0
43.2 58.510885674698 0
43.4 58.5920194584795 0
43.6 58.6728919408099 0
43.8 58.7535051561072 0
44 58.8338611137476 0
44.2 58.9139617984856 0
44.4 58.9938091708657 0
44.6 59.0734051676254 0
44.8 59.1527517020894 0
45 59.2318506645557 0
45.2 59.3107039226739 0
45.4 59.3893133218153 0
45.6 59.4676806854354 0
45.8 59.5458078154291 0
46 59.6236964924786 0
46.2 59.7013484763939 0
46.4 59.7787655064468 0
46.6 59.8559493016979 0
46.8 59.9329015613173 0
47 60.009623964898 0
47.2 60.0861181727646 0
47.4 60.162385826274 0
47.6 60.2384285481119 0
47.8 60.314247942582 0
48 60.3898455958907 0
48.2 60.4652230764252 0
48.4 60.5403819350271 0
48.6 60.6153237052599 0
48.8 60.6900499036722 0
49 60.7645620300547 0
49.2 60.8388615676935 0
49.4 60.9129499836176 0
49.6 60.9868287288425 0
49.8 61.0604992386081 0
50 61.1339629326135 0
50.2 61.2072212152463 0
50.4 61.2802754758082 0
50.6 61.3531270887358 0
50.8 61.4257774138183 0
51 61.49822779641 0
51.2 61.5704795676398 0
51.4 61.6425340446165 0
51.6 61.7143925306301 0
51.8 61.7860563153502 0
52 61.8575266750198 0
52.2 61.9288048726465 0
52.4 61.9998921581895 0
52.6 62.0707897687441 0
52.8 62.1414989287222 0
53 62.2120208500295 0
53.2 62.2823567322405 0
53.4 62.3525077627693 0
53.6 62.4224751170384 0
53.8 62.4922599586433 0
54 62.5618634395158 0
54.2 62.631286700083 0
54.4 62.7005308694245 0
54.6 62.7695970654263 0
54.8 62.8384863949327 0
55 62.907199953895 0
55.2 62.9757388275177 0
55.4 63.0441040904025 0
55.6 63.1122968066902 0
55.8 63.180318030199 0
56 63.2481688045616 0
56.2 63.3158501633598 0
56.4 63.3833631302564 0
56.6 63.4507087191252 0
56.8 63.517887934179 0
57 63.5849017700952 0
57.2 63.6517512121394 0
57.4 63.7184372362871 0
57.6 63.7849608093433 0
57.8 63.8513228890601 0
58 63.9175244242527 0
58.2 63.9835663549127 0
58.4 64.0494496123211 0
58.6 64.1151751191576 0
58.8 64.1807437896097 0
59 64.2461565294792 0
59.2 64.3114142362872 0
59.4 64.3765177993778 0
59.6 64.4414681000194 0
59.8 64.5062660115053 0
60 64.5709123992518 0
60.2 64.6354081208957 0
60.4 64.6997540263895 0
60.6 64.7639509580957 0
60.8 64.8279997508792 0
61 64.8919012321982 0
61.2 64.9556562221945 0
61.4 65.0192655337815 0
61.6 65.0827299727315 0
61.8 65.1460503377609 0
62 65.209227420615 0
62.2 65.272262006151 0
62.4 65.33515487242 0
62.6 65.3979067907473 0
62.8 65.4605185258121 0
63 65.5229908357256 0
63.2 65.585324472108 0
63.4 65.6475201801646 0
63.6 65.7095786987606 0
63.8 65.7715007604945 0
64 65.833287091771 0
64.2 65.8949384128723 0
64.4 65.9564554380291 0
64.6 66.0178388754891 0
64.8 66.0790894275866 0
65 66.1402077908091 0
65.2 66.2011946558641 0
65.4 66.2620507077448 0
65.6 66.3227766257945 0
65.8 66.3833730837701 0
66 66.4438407499051 0
66.2 66.5041802869715 0
66.4 66.5643923523408 0
66.6 66.6244775980437 0
66.8 66.68443667083 0
67 66.7442702122264 0
67.2 66.8039788585949 0
67.4 66.8635632411888 0
67.6 66.9230239862094 0
67.8 66.9823617148606 0
68 67.0415770434042 0
68.2 67.1006705832128 0
68.4 67.1596429408233 0
68.6 67.2184947179891 0
68.8 67.2772265117314 0
69 67.3358389143904 0
69.2 67.3943325136752 0
69.4 67.4527078927133 0
69.6 67.5109656300996 0
69.8 67.5691062999444 0
70 67.6271304719205 0
70.2 67.6850387113111 0
70.4 67.7428315790548 0
70.6 67.8005096317921 0
70.8 67.8580734219101 0
71 67.915523497587 0
71.2 67.9728604028356 0
71.4 68.0300846775469 0
71.6 68.0871968575329 0
71.8 68.1441974745681 0
72 68.2010870564318 0
72.2 68.2578661269487 0
72.4 68.3145352060293 0
72.6 68.3710948097104 0
72.8 68.4275454501938 0
73 68.4838876358859 0
73.2 68.5401218714358 0
73.4 68.5962486577733 0
73.6 68.6522684921465 0
73.8 68.7081818681585 0
74 68.7639892758042 0
74.2 68.8196912015062 0
74.4 68.8752881281503 0
74.6 68.9307805351211 0
74.8 68.986168898336 0
75 69.04145369028 0
75.2 69.0966353800394 0
75.4 69.1517144333352 0
75.6 69.2066913125558 0
75.8 69.2615664767904 0
76 69.3163403818601 0
76.2 69.3710134803506 0
76.4 69.4255862216431 0
76.6 69.4800590519455 0
76.8 69.5344324143229 0
77 69.5887067487281 0
77.2 69.6428824920309 0
77.4 69.6969600780486 0
77.6 69.7509399375741 0
77.8 69.8048224984056 0
78 69.8586081853743 0
78.2 69.9122974203732 0
78.4 69.9658906223844 0
78.6 70.0193882075069 0
78.8 70.0727905889831 0
79 70.1260981772266 0
79.2 70.1793113798478 0
79.4 70.2324306016805 0
79.6 70.2854562448075 0
79.8 70.3383887085864 0
80 70.3912283896748 0
80.2 70.443975682055 0
80.4 70.4966309770591 0
80.6 70.549194663393 0
80.8 70.6016671271605 0
81 70.6540487518875 0
81.2 70.706339918545 0
81.4 70.7585410055729 0
81.6 70.8106523889025 0
81.8 70.8626744419794 0
82 70.9146075357863 0
82.2 70.9664520388646 0
82.4 71.0182083173369 0
82.6 71.0698767349284 0
82.8 71.1214576529884 0
83 71.1729514305116 0
83.2 71.2243584241591 0
83.4 71.2756789882791 0
83.6 71.3269134749271 0
83.8 71.3780622338867 0
84 71.4291256126895 0
84.2 71.4801039566345 0
84.4 71.5309976088083 0
84.6 71.5818069101041 0
84.8 71.6325321992409 0
85 71.6831738127827 0
85.2 71.733732085157 0
85.4 71.7842073486735 0
85.6 71.8345999335422 0
85.8 71.8849101678918 0
86 71.9351383777876 0
86.2 71.9852848872491 0
86.4 72.0353500182675 0
86.6 72.0853340908234 0
86.8 72.1352374229037 0
87 72.1850603305184 0
87.2 72.234803127718 0
87.4 72.2844661266095 0
87.6 72.3340496373731 0
87.8 72.3835539682785 0
88 72.432979425701 0
88.2 72.4823263141373 0
88.4 72.5315949362213 0
88.6 72.5807855927397 0
88.8 72.6298985826474 0
89 72.6789342030828 0
89.2 72.7278927493827 0
89.4 72.7767745150977 0
89.6 72.8255797920063 0
89.8 72.8743088701301 0
90 72.9229620377481 0
90.2 72.9715395814107 0
90.4 73.0200417859544 0
90.6 73.0684689345154 0
90.8 73.1168213085437 0
91 73.1650991878168 0
91.2 73.2133028504532 0
91.4 73.2614325729258 0
91.6 73.3094886300756 0
91.8 73.3574712951244 0
92 73.4053808396879 0
92.2 73.4532175337891 0
92.4 73.5009816458704 0
92.6 73.5486734428066 0
92.8 73.5962931899177 0
93 73.6438411509806 0
93.2 73.691317588242 0
93.4 73.73872276243 0
93.6 73.7860569327666 0
93.8 73.8333203569794 0
94 73.8805132913134 0
94.2 73.9276359905426 0
94.4 73.9746887079816 0
94.6 74.0216716954969 0
94.8 74.0685852035186 0
95 74.1154294810512 0
95.2 74.1622047756849 0
95.4 74.2089113336063 0
95.6 74.25554939961 0
95.8 74.3021192171083 0
96 74.3486210281429 0
96.2 74.3950550733948 0
96.4 74.441421592195 0
96.6 74.4877208225348 0
96.8 74.5339530010761 0
97 74.5801183631615 0
97.2 74.6262171428244 0
97.4 74.6722495727991 0
97.6 74.7182158845302 0
97.8 74.7641163081829 0
98 74.8099510726525 0
98.2 74.8557204055737 0
98.4 74.9014245333306 0
98.6 74.9470636810656 0
98.8 74.9926380726892 0
99 75.0381479308886 0
99.2 75.0835934771376 0
99.4 75.128974931705 0
99.6 75.1742925136638 0
99.8 75.2195464409002 0
100 75.2647369301223 0
100.2 75.3098641968685 0
100.4 75.3549284555169 0
100.6 75.399929919293 0
100.8 75.4448688002787 0
101 75.4897453094205 0
101.2 75.5345596565378 0
101.4 75.5793120503312 0
101.6 75.6240026983907 0
101.8 75.6686318072038 0
102 75.7131995821632 0
102.2 75.7577062275752 0
102.4 75.8021519466671 0
102.6 75.8465369415954 0
102.8 75.8908614134534 0
103 75.9351255622786 0
103.2 75.9793295870605 0
103.4 76.0234736857483 0
103.6 76.0675580552578 0
103.8 76.1115828914794 0
104 76.1555483892848 0
104.2 76.1994547425348 0
104.4 76.2433021440861 0
104.6 76.2870907857986 0
104.8 76.3308208585423 0
105 76.3744925522044 0
105.2 76.4181060556961 0
105.4 76.4616615569598 0
105.6 76.5051592429754 0
105.8 76.5485992997673 0
106 76.5919819124112 0
106.2 76.6353072650405 0
106.4 76.678575540853 0
106.6 76.7217869221172 0
106.8 76.764941590179 0
107 76.808039725468 0
107.2 76.8510815075038 0
107.4 76.8940671149024 0
107.6 76.936996725382 0
107.8 76.9798705157697 0
108 77.0226886620075 0
108.2 77.065451339158 0
108.4 77.108158721411 0
108.6 77.1508109820887 0
108.8 77.1934082936524 0
109 77.2359508277078 0
109.2 77.278438755011 0
109.4 77.3208722454744 0
109.6 77.363251468172 0
109.8 77.4055765913454 0
110 77.4478477824094 0
110.2 77.4900652079574 0
110.4 77.5322290337669 0
110.6 77.5743394248051 0
110.8 77.6163965452345 0
111 77.6584005584175 0
111.2 77.7003516269228 0
111.4 77.7422499125299 0
111.6 77.7840955762345 0
111.8 77.825888778254 0
112 77.8676296780322 0
112.2 77.9093184342448 0
112.4 77.9509552048042 0
112.6 77.9925401468647 0
112.8 78.0340734168273 0
113 78.0755551703447 0
113.2 78.1169855623265 0
113.4 78.1583647469435 0
113.6 78.1996928776329 0
113.8 78.2409701071031 0
114 78.282196587338 0
114.2 78.3233724696023 0
114.4 78.364497904446 0
114.6 78.4055730417084 0
114.8 78.4465980305236 0
115 78.4875730193245 0
115.2 78.5284981558475 0
115.4 78.5693735871367 0
115.6 78.6101994595488 0
115.8 78.650975918757 0
116 78.6917031097559 0
116.2 78.7323811768652 0
116.4 78.7730102637345 0
116.6 78.8135905133475 0
116.8 78.8541220680258 0
117 78.8946050694337 0
117.2 78.9350396585819 0
117.4 78.9754259758317 0
117.6 79.0157641608994 0
117.8 79.05605435286 0
118 79.0962966901513 0
118.2 79.1364913105781 0
118.4 79.1766383513158 0
118.6 79.2167379489146 0
118.8 79.2567902393036 0
119 79.296795357794 0
119.2 79.3367534390836 0
119.4 79.3766646172602 0
119.6 79.4165290258058 0
119.8 79.4563467975997 0
120 79.4961180649228 0
120.2 79.5358429594611 0
120.4 79.5755216123094 0
120.6 79.6151541539745 0
120.8 79.6547407143797 0
121 79.6942814228676 0
121.2 79.7337764082037 0
121.4 79.7732257985806 0
121.6 79.8126297216205 0
121.8 79.8519883043796 0
122 79.8913016733508 0
122.2 79.9305699544678 0
122.4 79.9697932731077 0
122.6 80.008971754095 0
122.8 80.0481055217048 0
123 80.0871946996659 0
123.2 80.1262394111641 0
123.4 80.1652397788459 0
123.6 80.204195924821 0
123.8 80.2431079706662 0
124 80.2819760374282 0
124.2 80.3208002456269 0
124.4 80.3595807152585 0
124.6 80.3983175657984 0
124.8 80.4370109162048 0
125 80.4756608849213 0
125.2 80.5142675898801 0
125.4 80.5528311485052 0
125.6 80.591351677715 0
125.8 80.6298292939256 0
126 80.6682641130537 0
126.2 80.7066562505194 0
126.4 80.7450058212493 0
126.6 80.7833129396793 0
126.8 80.8215777197573 0
127 80.8598002749464 0
127.2 80.8979807182272 0
127.4 80.9361191621014 0
127.6 80.9742157185937 0
127.8 81.0122704992552 0
128 81.0502836151658 0
128.2 81.0882551769372 0
128.4 81.1261852947151 0
128.6 81.1640740781827 0
128.8 81.2019216365624 0
129 81.2397280786193 0
129.2 81.2774935126632 0
129.4 81.3152180465517 0
129.6 81.3529017876923 0
129.8 81.3905448430454 0
130 81.4281473191265 0
130.2 81.4657093220089 0
130.4 81.5032309573264 0
130.6 81.5407123302754 0
130.8 81.5781535456176 0
131 81.6155547076825 0
131.2 81.6529159203697 0
131.4 81.6902372871514 0
131.6 81.7275189110748 0
131.8 81.7647608947645 0
132 81.8019633404249 0
132.2 81.8391263498425 0
132.4 81.8762500243881 0
132.6 81.9133344650195 0
132.8 81.9503797722834 0
133 81.987386046318 0
133.2 82.024353386855 0
133.4 82.0612818932221 0
133.6 82.0981716643452 0
133.8 82.1350227987502 0
134 82.1718353945661 0
134.2 82.2086095495262 0
134.4 82.245345360971 0
134.6 82.2820429258501 0
134.8 82.3187023407241 0
135 82.3553237017674 0
135.2 82.3919071047695 0
135.4 82.4284526451377 0
135.6 82.4649604178991 0
135.8 82.5014305177023 0
136 82.5378630388199 0
136.2 82.5742580751503 0
136.4 82.61061572022 0
136.6 82.6469360671851 0
136.8 82.6832192088339 0
137 82.7194652375886 0
137.2 82.755674245507 0
137.4 82.7918463242851 0
137.6 82.8279815652586 0
137.8 82.8640800594048 0
138 82.9001418973449 0
138.2 82.9361671693455 0
138.4 82.9721559653208 0
138.6 83.0081083748343 0
138.8 83.0440244871005 0
139 83.0799043909875 0
139.2 83.1157481750178 0
139.4 83.1515559273711 0
139.6 83.1873277358853 0
139.8 83.2230636880589 0
140 83.2587638710527 0
140.2 83.2944283716913 0
140.4 83.330057276465 0
140.6 83.3656506715318 0
140.8 83.4012086427189 0
141 83.4367312755243 0
141.2 83.472218655119 0
141.4 83.5076708663484 0
141.6 83.5430879937338 0
141.8 83.5784701214746 0
142 83.6138173334496 0
142.2 83.6491297132188 0
142.4 83.6844073440249 0
142.6 83.7196503087953 0
142.8 83.7548586901435 0
143 83.7900325703706 0
143.2 83.8251720314671 0
143.4 83.8602771551147 0
143.6 83.8953480226873 0
143.8 83.9303847152532 0
144 83.9653873135763 0
144.2 84.0003558981179 0
144.4 84.0352905490381 0
144.6 84.0701913461972 0
144.8 84.1050583691576 0
145 84.1398916971852 0
145.2 84.1746914092505 0
145.4 84.2094575840309 0
145.6 84.2441902999114 0
145.8 84.2788896349866 0
146 84.3135556670619 0
146.2 84.3481884736551 0
146.4 84.3827881319979 0
146.6 84.4173547190371 0
146.8 84.4518883114363 0
147 84.4863889855773 0
147.2 84.5208568175614 0
147.4 84.5552918832107 0
147.6 84.5896942580698 0
147.8 84.6240640174071 0
148 84.6584012362161 0
148.2 84.6927059892166 0
148.4 84.7269783508566 0
148.6 84.7612183953131 0
148.8 84.7954261964937 0
149 84.829601828038 0
149.2 84.8637453633188 0
149.4 84.8978568754435 0
149.6 84.9319364372552 0
149.8 84.9659841213344 0
150 85 0
