DRIVER
  os.environ['SMA_TSO_COSMOS_ELEMAT'] = '1'
  driver.registerSaveRule( UpdateRules.COPY, CheckPoints.ITER_COMPLETE, EventTimes.LAST, [ '*.ste*' ], 'SAVE.ste', '' )
  driver.registerSaveRule( UpdateRules.COPY, CheckPoints.ITER_COMPLETE, EventTimes.LAST, [ '*.lcd*' ], 'SAVE.ste', '' )
  driver.registerSaveRule( UpdateRules.COPY, CheckPoints.ITER_COMPLETE, EventTimes.LAST, [ '*.lcm*' ], 'SAVE.ste', '' )
END_

FEM_INPUT
  ID_NAME = 39852C70-95FB-43CB-9129-6319C2249F3D_1
  FILE = 39852C70-95FB-43CB-9129-6319C2249F3D.NOD
END_

*SET_DB,rint,130,1

GROUP_DEF
  ID_NAME = FROZEN_AREA_ELEMS_GRP_1
  TYPE=ELEM
  FORMAT=LIST
  LIST_BEGIN
1,2,4,5,6,7,8,9,10,11,12,13,14,15,16,17,22,23,24,25,26,27,38,39,41,42,43,44,45,46,47,48,49,
54,68,69,70,71,72,73,74,75,76,77,78,79,80,93,94,96,97,98,99,102,104,105,106,107,108,109,110,
111,112,113,114,115,116,118,119,120,121,122,123,124,125,126,127,128,131,132,134,135,136,137,
138,139,140,141,143,144,145,146,148,149,150,151,152,153,154,155,156,157,158,160,162,163,164,
165,166,167,168,169,170,171,172,173,174,175,177,178,180,181,182,183,184,188,189,190,191,212,
228,235,236,244,246,247,248,249,278,291,304,305,310,311,312,313,314,315,316,317,319,324,325,
326,327,328,329,330,331,333,335,342,361,368,371,387,388,389,390,391,401,403,404,405,406,407,
410,414,420,421,422,423,424,425,426,427,428,466,473,479,480,481,483,484,485,486,495,496,498,
499,510,511,528,538,539,540,541,542,543,544,546,547,570,579,580,581,582,583,584,742,744,752,
753,754,756,757,758,759,760,779,780,781,782,783,784,798,807,808,810,812,813,839,857,858,867,
868,916,917,918,919,950,951,953,955,956,966,967,969,970,971,972,1007,1008,1009,1010,1011,1012,
1013,1014,1015,1016,1017,1034,1045,1046,1047,1048,1049,1050,1051,1052,1053,1063,1064,1065,
1066,1067,1068,1069,1070,1072,1073,1074,1083,1084,1085,1086,1087,1088,1089,1090,1091,1092,
1094,1095,1098,1102,1119,1121,1122,1123,1124,1125,1127,1128,1129,1130,1131,1151,1177,1178,
1179,1180,1182,1183,1223,1224,1226,1262,1271,1272,1278,1281,1302,1304,1305,1306,1307,1308,
1309,1310,1347,1350,1381,1383,1403,1404,1406,1411,1415,1417,1426,1428,1432,1434,1436,1437,
1452,1465,1468,1489,1490,1491,1492,1524,1530,1531,1532,1533,1534,1546,1549,1565,1568,1573,
1574,1576,1584,1591,1620,1632,1633,1634,1636,1637,1644,1646,1647,1648,1649,1650,1651,1655,
1668,1677,1681,1737,1762,1763,1764,1765,1767,1791,1792,1793,1794,1795,1796,1797,1807,1808,
1809,1811,1812,1813,1839,1867,1868,1869,1938,1976,2022,2023,2024,2025,2026,2027,2043,2048,
2049,2050,2051,2052,2065,2066,2069,2090,2091,2092,2093,2094,2095,2096,2097,2098,2116,2137,
2149,2150,2151,2152,2153,2154,2155,2156,2157,2158,2159,2162,2163,2198,2217,2256,2259,2260,
2261,2263,2264,2265,2298,2299,2300,2301,2302,2333,2334,2335,2336,2337,2350,2351,2353,2354,
2355,2356,2357,2358,2359,2360,2361,2362,2363,2364,2365,2366,2367,2368,2370,2371,2373,2376,
2377,2378,2379,2381,2382,2383,2384,2385,2386,2387,2388,2390,2391,2404,2405,2442,2443,2444,
2445,2446,2447,2448,2449,2467,2468,2470,2471,2484,2485,2486,2487,2488,2489,2490,2491,2492,
2517,2531,2532,2533,2534,2535,2536,2537,2538,2539,2540,2541,2596,2613,2648,2649,2650,2651,
2674,2675,2676,2677,2678,2721,2722,2729,2732,2749,2750,2751,2752,2753,2758,2773,2774,2775,
2776,2777,2778,2786,2790,2793,2794,2823,2827,2828,2829,2830,2831,2861,2862,2863,2864,2865,
2866,2867,2868,2895,2897,2898,2899,2922,2923,2925,2959,2960,2961,2962,2963,2964,2979,2980,
2981,2982,2983,2984,2985,2986,3013,3014,3015,3016,3017,3018,3019,3024,3025,3026,3027,3028,
3029,3070,3072,3073,3074,3084,3100,3124,3125,3126,3127,3128,3147,3148,3149,3150,3151,3180,
3181,3182,3183,3184,3185,3186,3187,3195,3196,3197,3198,3199,3200,3280,3285,3286,3287,3288,
3289,3290,3291,3305,3307,3308,3309,3310,3311,3329,3331,3333,3334,3335,3336,3337,3339,3340,
3341,3342,3413,3415,3416,3417,3445,3446,3447,3448,3449,3450,3451,3453,3454,3455,3456,3457,
3458,3459,3466,3467,3468,3471,3472,3475,3536,3537,3540,3541,3542,3543,3592,3593,3594,3595,
3596,3619,3625,3626,3627,3628,3629,3630,3631,3632,3633,3634,3636,3647,3648,3649,3650,3651,
3652,3655,3678,3679,3694,3717,3725,3729,3766,3783,3784,3809,3853,3861,3862,3864,3892,3896,
3925,3928,3931,3939,3951,3970,3973,3994,3995,3999,4001,4013,4040,4045,4047,4050,4051,4052,
4053,4054,4055,4087,4097,4099,4100,4101,4102,4105,4106,4107,4110,4115,4116,4131,4136,4138,
4139,4143,4145,4146,4151,4153,4157,4159,4160,4161,4167,4171,4180,4182,4189,4200,4208,4215,
4222,4228,4240,4241,4242,4243,4246,4248,4253,4254,4255,4263,4273,4274,4275,4276,4277,4278,
4285,4288,4289,4290,4291,4292,4294,4297,4298,4299,4300,4302,4303,4312,4314,4315,4316,4318,
4319,4327,4374,4375,4378,4379,4381,4382,4383,4384,4385,4396,4407,4441,4443,4447,4455,4456,
4457,4458,4459,4460,4461,4462,4469,4470,4471,4472,4473,4478,4482,4516,4517,4518,4519,4520,
4521,4524,4534,4535,4538,4539,4540,4557,4558,4559,4560,4562,4564,4565,4569,4571,4615,4616,
4619,4648,4650,4662,4663,4664,4665,4666,4670,4671,4672,4673,4685,4694,4695,4713,4714,4716,
4719,4720,4722,4723,4728,4730,4735,4736,4739,4740,4741,4742,4743,4744,4746,4748,4749,4752,
4753,4754,4755,4757,4760,4777,4795,4805,4807,4821,4824,4825,4827,4831,4832,4835,4836,4838,
4839,4842,4843,4844,4845,4846,4847,4848,4849,4851,4852,4860,4867,4868,4870,4892,4914,4915,
4921,4922,4923,4925,4931,4932,4936,4939,4947,4963,4964,4984,4985,4987,4988,5001,5018,5019,
5022,5027,5029,5031,5033,5036,5040,5046,5051,5058,5060,5061,5062,5064,5065,5066,5067,5080,
5083,5084,5085,5086,5087,5088,5089,5091,5095,5101,5105,5110,5112,5115,5117,5118,5120,5129,
5131,5132,5136,5137,5138,5139,5140,5141,5142,5143,5145,5147,5148,5149,5150,5151,5152,5154,
5156,5159,5160,5161,5162,5165,5167,5169,5170,5171,5172,5183,5186,5193,5194,5205,5213,5214,
5217,5221,5222,5223,5225,5226,5227,5248,5250,5251,5252,5253,5254,5255,5256,5261,5262,5263,
5264,5265,5266,5268,5270,5271,5272,5277,5279,5280,5281,5282,5283,5284,5285,5287,5290,5302,
5365,5374,5388,5394,5399,5400,5402,5404,5406,5408,5412,5424,5426,5427,5428,5430,5433,5434,
5435,5437,5440,5443,5446,5447,5448,5456,5457,5460,5484,5486,5487,5488,5493,5494,5538,5565,
5582,5583,5584,5585,5586,5587,5591,5592,5593,5598,5599,5601,5618,5619,5636,5645,5652,5663,
5666,5667,5668,5670,5671,5673,5679,5684,5690,5703,5704,5706,5708,5710,5719,5721,5722,5725,
5742,5747,5752,5753,5757,5758,5760,5761,5762,5763,5764,5766,5769,5771,5774,5775,5776,5778,
5802,5803,5805,5806,5807,5821,5831,5836,5878,5879,5880,5882,5885,5886,5893,5894,5895,5898,
5899,5902,5904,5905,5906,5907,5908,5909,5910,5912,5913,5917,5918,5921,5925,5928,5935,5936,
5938,5939,5940,5942,5945,5947,5951,5952,5953,5954,5955,5956,5957,5960,5993,5996,5998,5999,
6001,6006,6007,6011,6012,6013,6014,6015,6020,6024,6025,6026,6027,6029,6030,6034,6035,6039,
6040,6086,6087,6095,6099,6100,6101,6102,6105,6113,6115,6147,6148,6150,6151,6152,6153,6154,
6155,6156,6157,6158,6159,6160,6161,6162,6163,6164,6166,6168,6169,6170,6171,6173,6174,6177,
6179,6180,6181,6183,6188,6189,6192,6194,6195,6197,6198,6199,6200,6201,6202,6203,6204,6206,
6207,6208,6209,6211,6217,6218,6219,6220,6221,6222,6223,6224,6228,6229,6230,6231,6233,6234,
6235,6237,6238,6240,6243,6251,6252,6255,6256,6268,6269,6270,6272,6287,6288,6289,6290,6291,
6292,6293,6297,6302,6304,6306,6310,6311,6317,6318,6326,6334,6337,6339,6340,6341,6342,6344,
6347,6348,6349,6350,6351,6352,6353,6355,6356,6359,6362,6372,6374,6376,6377,6378,6384,6391,
6394,6399,6402,6404,6406,6408,6413,6415,6418,6419,6420,6422,6424,6425,6430,6432,6433,6434,
6437,6439,6441,6448,6450,6451,6453,6454,6457,6459,6460,6464,6465,6466,6468,6470,6472,6477,
6478,6481,6484,6485,6486,6487,6488,6489,6491,6492,6493,6500,6501,6503,6505,6507,6508,6509,
6510,6516,6518,6519,6520,6521,6522,6528,6530,6531,6533,6536,6538,6539,6542,6543,6544,6545,
6548,6550,6551,6553,6554,6555,6557,6558,6559,6560,6561,6563,6564,6568,6574,6580,6584,6585,
6588,6590,6591,6592,6611,6614,6616,6617,6618,6622,6623,6624,6625,6626,6627,6628,6629,6630,
6644,6645,6646,6647,6648,6649,6652,6653,6660,6702,6703,6708,6738,6741,6744,6745,6746,6810,
6811,6825,6826,6834,6835,6837,6838,6839,6841,6844,6850,6851,6903,6904,6905,6922,6923,6926,
6929,6962,6964,6965,6967,6969,6970,6971,6974,6975,6976,6981,6983,6984,6987,6988,6991,6992,
6993,6994,6999,7000,7001,7002,7004,7005,7006,7007,7009,7010,7014,7015,7016,7017,7022,7023,
7024,7025,7027,7032,7056,7059,7063,7068,7070,7071,7074,7075,7076,7082,7089,7092,7094,7097,
7099,7101,7104,7111,7114,7119,7120,7123,7128,7155,7172,7174,7177,7178,7179,7180,7181,7182,
7184,7188,7189,7190,7192,7193,7194,7196,7197,7198,7201,7206,7207,7211,7214,7215,7230,7231,
7235,7240,7244,7245,7246,7247,7249,7250,7252,7253,7254,7255,7273,7274,7283,7288,7290,7298,
7299,7302,7303,7307,7308,7309,7311,7312,7315,7316,7317,7318,7319,7320,7321,7323,7378,7390,
7391,7393,7397,7398,7400,7430,7442,7450,7451,7454,7457,7467,7473,7487,7492,7522,7524,7525,
7527,7528,7530,7531,7533,7534,7537,7539,7540,7543,7545,7547,7565,7581,7592,7607,7620,7625,
7629,7630,7649,7650,7660,7725,7767,7768,7769,7772,7778,7779,7780,7782,7786,7787,7790,7792,
7796,7797,7798,7800,7802,7804,7805,7809,7810,7811,7813,7816,7817,7818,7868,7932,7935,7938,
7942,7943,7944,7945,7948,7956,7973,7974,7975,7977,7982,7983,7985,7986,7990,7999,8000,8001,
8004,8006,8007,8010,8012,8015,8018,8020,8024,8028,8029,8033,8034,8035,8036,8037,8039,8040,
8042,8043,8047,8049,8051,8052,8053,8054,8056,8057,8058,8060,8061,8062,8063,8069,8070,8073,
8074,8078,8082,8084,8089,8090,8091,8095,8098,8100,8102,8103,8104,8105,8106,8107,8108,8109,
8110,8111,8112,8114,8115,8117,8118,8119,8122,8123,8124,8125,8126,8127,8128,8130,8131,8132,
8133,8134,8135,8136,8137,8138,8139,8141,8142,8144,8147,8148,8151,8159,8165,8167,8168,8170,
8172,8173,8174,8178,8179,8191,8192,8193,8195,8196,8197,8198,8200,8201,8203,8204,8205,8206,
8207,8208,8211,8212,8213,8216,8217,8218,8219,8220,8221,8222,8223,8224,8228,8232,8236,8237,
8238,8239,8240,8243,8245,8248,8253,8256,8258,8259,8260,8261,8262,8263,8265,8267,8271,8273,
8274,8275,8276,8277,8283,8284,8285,8286,8288,8290,8292,8300,8302,8308,8309,8313,8315,8317,
8329,8331,8332,8334,8348,8349,8354,8393,8413,8414,8417,8418,8419,8420,8421,8423,8429,8434,
8436,8437,8438,8440,8441,8442,8443,8444,8447,8449,8450,8451,8454,8456,8457,8458,8459,8461,
8462,8463,8464,8465,8466,8467,8468,8469,8470,8471,8472,8473,8474,8477,8478,8479,8481,8482,
8483,8487,8488,8492,8493,8494,8497,8499,8502,8508,8510,8511,8514,8515,8516,8518,8521,8522,
8523,8524,8525,8527,8528,8529,8530,8531,8532,8533,8536,8564,8568,8570,8571,8572,8586,8627,
8629,8630,8632,8633,8634,8642,8643,8669,8728,8744,8775,8793,8794,8795,8796,8797,8799,8806,
8807,8812,8814,8817,8818,8821,8825,8826,8827,8833,8838,8839,8842,8845,8847,8849,8857,8859,
8874,8884,8894,8900,8902,8910,8959,8960,8964,8965,8968,8997,9004,9005,9006,9007,9009,9010,
9014,9016,9017,9018,9019,9022,9023,9025,9026,9027,9028,9029,9030,9031,9033,9034,9035,9038,
9039,9040,9041,9042,9043,9053,9056,9057,9058,9061,9062,9064,9065,9067,9068,9070,9071,9074,
9076,9077,9080,9081,9084,9085,9086,9087,9088,9090,9097,9098,9099,9106,9108,9109,9158,9183,
9217,9242,9282,9302,9338,9353,9362,9373,9374,9375,9386,9387,9388,9389,9393,9395,9399,9401,
9402,9403,9404,9405,9407,9408,9410,9412,9416,9455,9461,9462,9463,9466,9467,9468,9471,9474,
9477,9478,9479,9480,9483,9484,9485,9486,9494,9495,9497,9527,9528,9529,9530,9535,9536,9537,
9539,9542,9543,9544,9545,9546,9547,9549,9550,9551,9557,9558,9559,9560,9561,9562,9563,9565,
9566,9567,9569,9570,9572,9573,9574,9575,9576,9579,9580,9581,9582,9583,9584,9585,9586,9587,
9588,9589,9590,9591,9592,9593,9594,9595,9596,9598,9599,9600,9601,9602,9603,9604,9605,9606,
9607,9609,9610,9613,9614,9615,9617,9618,9619,9620,9621,9622,9624,9625,9626,9627,9628,9630,
9631,9632,9637,9639,9640,9641,9644,9646,9650,9652,9655,9658,9659,9661,9665,9670,9671,9672,
9673,9674,9677,9678,9688,9689,9690,9691,9709,9710,9713,9714,9715,9723,9724,9726,9755,9763,
9781,9788,9820,9826,9827,9836,9839,9840,9841,9842,9845,9847,9858,9866,9879,9886,9889,9891,
9892,9893,9896,9897,9913,9915,9922,9934,9935,9937,9940,9941,9943,9945,9959,9961,9963,9964,
9969,9983,9985,9988,9989,9998,10000,10022,10023,10035,10063,10068,10071,10072,10079,10107,
10110,10111,10112,10115,10120,10123,10128,10135,10143,10145,10148,10157,10162,10165,10167,
10168,10169,10170,10171,10172,10173,10174,10175,10177,10178,10179,10180,10181,10182,10183,
10184,10185,10186,10188,10192,10196,10197,10198,10204,10210,10218,10220,10221,10222,10225,
10226,10227,10228,10229,10230,10231,10232,10233,10234,10235,10236,10237,10238,10239,10240,
10241,10242,10243,10244,10245,10247,10250,10251,10252,10254,10259,10271,10277,10279,10280,
10286,10287,10294,10304,10305,10306,10307,10308,10310,10311,10312,10317,10340,10343,10345,
10346,10348,10381,10386,10390,10404,10418,10423,10424,10429,10431,10470,10479,10482,10496,
10583,10601,10626,10627,10628,10635,10637,10638,10647,10651,10658,10660,10662,10667,10681,
10683,10685,10686,10689,10695,10699,10704,10705,10718,10761,10778,10782,10783,10784,10785,
10786,10789,10794,10800,10801,10805,10806,10807,10808,10809,10813,10814,10821,10822,10823,
10824,10825,10826,10827,10833,10858,10860,10863,10864,10867,10869,10872,10873,10874,10875,
10878,10886,10887,10889,10891,10892,10893,10894,10896,10897,10898,10903,10904,10905,10909,
10910,10911,10914,10918,10919,10920,10921,10932,10933,10934,10936,10938,10941,10943,10946,
10949,10955,10956,10958,10959,10964,10965,10969,10970,10974,10975,10978,10984,10985,10986,
10991,10992,11002,11010,11011,11012,11013,11014,11015,11016,11017,11018,11019,11020,11024,
11025,11026,11027,11029,11030,11031,11033,11039,11044,11055,11061,11062,11063,11064,11066,
11067,11068,11069,11070,11073,11076,11077,11078,11079,11080,11081,11082,11083,11084,11086,
11088,11091,11092,11095,11096,11097,11098,11100,11101,11103,11104,11105,11106,11107,11108,
11110,11111,11112,11113,11114,11120,11123,11125,11126,11128,11135,11137,11138,11139,11142,
11143,11144,11148,11149,11179,11185,11186,11187,11188,11192,11193,11194,11195,11196,11197,
11199,11201,11203,11204,11207,11210,11215,11222,11253,11257,11261,11272,11279,11280,11284,
11287,11346,11358,11372,11378,11384,11385,11413,11418,11440,11441,11442,11444,11445,11446,
11452,11458,11468,11470,11479,11494,11495,11500,11501,11503,11516,11518,11519,11521,11530,
11533,11535,11537,11539,11540,11541,11542,11544,11552,11555,11556,11558,11559,11586,11611,
11618,11651,11654,11656,11658,11660,11669,11672,11683,11684,11687,11702,11705,11731,11767,
11770,11774,11777,11795,11816,11851,11854,11869,11871,11872,11873,11874,11875,11876,11880,
11890,11893,11904,11905,11906,11907,11909,11915,11917,11918,11922,11924,11927,11936,11937,
11939,11943,11946,11950,11952,11953,11954,11955,11957,11960,11962,11964,11965,11969,11970,
11988,11989,11990,11991,11992,11993,11994,11995,11996,11997,11999,12003,12004,12006,12009,
12010,12011,12012,12014,12016,12017,12018,12019,12020,12021,12022,12023,12024,12028,12029,
12030,12031
END_

! ----------------------------------------------------------------
!
! Design Response: Stiffness_Measure
!
DRESP
  ID_NAME = Stiffness_Measure
  LIST = NO_LIST
  DEF_TYPE = SYSTEM
  EL_GROUP = ALL_ELEMENTS
  TYPE = ENERGY_STIFF_MEASURE
  GROUP_OPER = SUM
  LC_SEL = SUM 
  LC_SET = STATIC, ALL, ALL, MAX
END_

! ----------------------------------------------------------------
!
! Design Response: Mass_DResp_1
!
DRESP
  ID_NAME = Mass_DResp_1
  LIST = NO_LIST
  DEF_TYPE = SYSTEM
  EL_GROUP = ALL_ELEMENTS
  TYPE = WEIGHT
  GROUP_OPER = SUM
END_

! ----------------------------------------------------------------
!
!
! Design Area: Task1_DESIGN_AREA
!
DV_TOPO
  ID_NAME = Task1_DESIGN_AREA
  EL_GROUP = ALL_ELEMENTS
END_

! ----------------------------------------------------------------
!
! Objective Function: StiffnessEnergy_Obj_Func
!
OBJ_FUNC
  ID_NAME = StiffnessEnergy_Obj_Func
  DRESP = Stiffness_Measure, 1.0
  TARGET = MIN
END_

! ----------------------------------------------------------------
!
! Constraint: Mass_Constraint_1
!
CONSTRAINT
  ID_NAME = Mass_Constraint_1
  DRESP = Mass_DResp_1
  MAGNITUDE = REL
  LE_VALUE = 0.5
END_

! ----------------------------------------------------------------
!
! Geometric Restriction: Frozen_ManufacConstraint_2
!
DVCON_TOPO
  ID_NAME = Frozen_ManufacConstraint_2
  EL_GROUP = FROZEN_AREA_ELEMS_GRP_1
  CHECK_TYPE = FROZEN
END_

! ----------------------------------------------------------------
!
! CS_DEF: Datum_CSys_4
!
CS_DEF
  ID_NAME = Datum_CSys_4
  CS_TYPE = RECTANGULAR
  DEF_TYPE = LOCAL
  CS_REF = CS_0
  ORIGIN_123 = 0.000000, 0.000000, 0.000000
  ROTATION_321 = 0.000000, 90.000000, 0.000000
END_

! ----------------------------------------------------------------
!
! Geometric Restriction: Symm_ManufacConstraint_3-1
!
LINK_TOPO
  ID_NAME = Symm_ManufacConstraint_3-1_LINK_
  TYPE = PLANE_SYM, AXIS_3
  CS = Datum_CSys_4 
  IGNORE_FROZEN = FALSE
END_

DVCON_TOPO
  ID_NAME = Symm_ManufacConstraint_3-1
  EL_GROUP = ALL_ELEMENTS
  CHECK_TYPE = LINK_TOPO
  CHECK_LINK = Symm_ManufacConstraint_3-1_LINK_
END_

! ----------------------------------------------------------------
!
! Geometric Restriction: Symm_ManufacConstraint_3-2
!
LINK_TOPO
  ID_NAME = Symm_ManufacConstraint_3-2_LINK_
  TYPE = PLANE_SYM, AXIS_3
  CS = CS_0 
  IGNORE_FROZEN = FALSE
END_

DVCON_TOPO
  ID_NAME = Symm_ManufacConstraint_3-2
  EL_GROUP = ALL_ELEMENTS
  CHECK_TYPE = LINK_TOPO
  CHECK_LINK = Symm_ManufacConstraint_3-2_LINK_
END_

! ----------------------------------------------------------------
!
!
! Optimize: OPTIMIZE_1_TOPOLOGY_OPTIMIZATION_CONTROLLER 
!
OPTIMIZE
  ID_NAME = OPTIMIZE_1_TOPOLOGY_OPTIMIZATION_SENSITIVITY
  DV = Task1_DESIGN_AREA
  OBJ_FUNC = StiffnessEnergy_Obj_Func
  DVCON = Frozen_ManufacConstraint_2
  DVCON = Symm_ManufacConstraint_3-1
  DVCON = Symm_ManufacConstraint_3-2
  CONSTRAINT = Mass_Constraint_1
  STRATEGY = TOPO_SENSITIVITY
END_

OPT_PARAM
  ID_NAME = OPTIMIZE_1_TOPOLOGY_OPTIMIZATION_SENSITIVITY_OPT_PARAM_
  OPTIMIZE = OPTIMIZE_1_TOPOLOGY_OPTIMIZATION_SENSITIVITY
  DV_UPDATE_STRATEGY = CSA
  STABILIZATION = YES
  AUTO_FROZEN = BOTH
  AUTO_FROZEN_CON = BOTH
  STOP_CRITERION_LEVEL = BOTH
  STOP_CRITERION_OBJ = 0.001
  STOP_CRITERION_DENSITY = 0.005
END_

STOP
  ID_NAME = Task-1_GLOBAL_STOP_CONDITION_
  ITER_MAX = 75
END_

